location,sex,age,cause,year,ylls_percent
6,1,22,298,1990,0
6,1,22,298,1991,0
6,1,22,298,1992,0
6,1,22,298,1993,0
6,1,22,298,1994,0
6,1,22,298,1995,0
6,1,22,298,1996,0
6,1,22,298,1997,0
6,1,22,298,1998,0
6,1,22,298,1999,0
6,1,22,298,2000,0
6,1,22,298,2001,0
6,1,22,298,2002,0
6,1,22,298,2003,0
6,1,22,298,2004,0
6,1,22,298,2005,0
6,1,22,298,2006,0
6,1,22,298,2007,0
6,1,22,298,2008,0
6,1,22,298,2009,0.01
6,1,22,298,2010,0.01
6,1,22,298,2011,0.01
6,1,22,298,2012,0.01
6,1,22,298,2013,0.01
6,1,22,298,2014,0.01
6,1,22,298,2015,0.01
6,1,22,298,2016,0.01
6,2,22,298,1990,0
6,2,22,298,1991,0
6,2,22,298,1992,0
6,2,22,298,1993,0
6,2,22,298,1994,0
6,2,22,298,1995,0
6,2,22,298,1996,0
6,2,22,298,1997,0
6,2,22,298,1998,0
6,2,22,298,1999,0
6,2,22,298,2000,0
6,2,22,298,2001,0
6,2,22,298,2002,0
6,2,22,298,2003,0
6,2,22,298,2004,0
6,2,22,298,2005,0
6,2,22,298,2006,0
6,2,22,298,2007,0
6,2,22,298,2008,0
6,2,22,298,2009,0
6,2,22,298,2010,0
6,2,22,298,2011,0
6,2,22,298,2012,0
6,2,22,298,2013,0
6,2,22,298,2014,0
6,2,22,298,2015,0
6,2,22,298,2016,0
6,3,22,298,1990,0
6,3,22,298,1991,0
6,3,22,298,1992,0
6,3,22,298,1993,0
6,3,22,298,1994,0
6,3,22,298,1995,0
6,3,22,298,1996,0
6,3,22,298,1997,0
6,3,22,298,1998,0
6,3,22,298,1999,0
6,3,22,298,2000,0
6,3,22,298,2001,0
6,3,22,298,2002,0
6,3,22,298,2003,0
6,3,22,298,2004,0
6,3,22,298,2005,0
6,3,22,298,2006,0
6,3,22,298,2007,0
6,3,22,298,2008,0
6,3,22,298,2009,0
6,3,22,298,2010,0
6,3,22,298,2011,0
6,3,22,298,2012,0
6,3,22,298,2013,0
6,3,22,298,2014,0.01
6,3,22,298,2015,0.01
6,3,22,298,2016,0.01
7,1,22,298,1990,0
7,1,22,298,1991,0
7,1,22,298,1992,0
7,1,22,298,1993,0
7,1,22,298,1994,0
7,1,22,298,1995,0
7,1,22,298,1996,0
7,1,22,298,1997,0
7,1,22,298,1998,0
7,1,22,298,1999,0
7,1,22,298,2000,0
7,1,22,298,2001,0
7,1,22,298,2002,0
7,1,22,298,2003,0
7,1,22,298,2004,0
7,1,22,298,2005,0
7,1,22,298,2006,0
7,1,22,298,2007,0
7,1,22,298,2008,0
7,1,22,298,2009,0
7,1,22,298,2010,0
7,1,22,298,2011,0
7,1,22,298,2012,0
7,1,22,298,2013,0
7,1,22,298,2014,0
7,1,22,298,2015,0.01
7,1,22,298,2016,0.01
7,2,22,298,1990,0
7,2,22,298,1991,0
7,2,22,298,1992,0
7,2,22,298,1993,0
7,2,22,298,1994,0
7,2,22,298,1995,0
7,2,22,298,1996,0
7,2,22,298,1997,0
7,2,22,298,1998,0
7,2,22,298,1999,0
7,2,22,298,2000,0
7,2,22,298,2001,0
7,2,22,298,2002,0
7,2,22,298,2003,0
7,2,22,298,2004,0
7,2,22,298,2005,0
7,2,22,298,2006,0
7,2,22,298,2007,0
7,2,22,298,2008,0
7,2,22,298,2009,0
7,2,22,298,2010,0
7,2,22,298,2011,0
7,2,22,298,2012,0
7,2,22,298,2013,0
7,2,22,298,2014,0
7,2,22,298,2015,0
7,2,22,298,2016,0
7,3,22,298,1990,0
7,3,22,298,1991,0
7,3,22,298,1992,0
7,3,22,298,1993,0
7,3,22,298,1994,0
7,3,22,298,1995,0
7,3,22,298,1996,0
7,3,22,298,1997,0
7,3,22,298,1998,0
7,3,22,298,1999,0
7,3,22,298,2000,0
7,3,22,298,2001,0
7,3,22,298,2002,0
7,3,22,298,2003,0
7,3,22,298,2004,0
7,3,22,298,2005,0
7,3,22,298,2006,0
7,3,22,298,2007,0
7,3,22,298,2008,0
7,3,22,298,2009,0
7,3,22,298,2010,0
7,3,22,298,2011,0
7,3,22,298,2012,0
7,3,22,298,2013,0
7,3,22,298,2014,0
7,3,22,298,2015,0
7,3,22,298,2016,0
8,1,22,298,1990,0
8,1,22,298,1991,0
8,1,22,298,1992,0
8,1,22,298,1993,0
8,1,22,298,1994,0
8,1,22,298,1995,0
8,1,22,298,1996,0
8,1,22,298,1997,0
8,1,22,298,1998,0
8,1,22,298,1999,0
8,1,22,298,2000,0
8,1,22,298,2001,0
8,1,22,298,2002,0
8,1,22,298,2003,0
8,1,22,298,2004,0
8,1,22,298,2005,0
8,1,22,298,2006,0
8,1,22,298,2007,0
8,1,22,298,2008,0
8,1,22,298,2009,0
8,1,22,298,2010,0
8,1,22,298,2011,0
8,1,22,298,2012,0
8,1,22,298,2013,0
8,1,22,298,2014,0
8,1,22,298,2015,0
8,1,22,298,2016,0
8,2,22,298,1990,0
8,2,22,298,1991,0
8,2,22,298,1992,0
8,2,22,298,1993,0
8,2,22,298,1994,0
8,2,22,298,1995,0
8,2,22,298,1996,0
8,2,22,298,1997,0
8,2,22,298,1998,0
8,2,22,298,1999,0
8,2,22,298,2000,0
8,2,22,298,2001,0
8,2,22,298,2002,0
8,2,22,298,2003,0
8,2,22,298,2004,0
8,2,22,298,2005,0
8,2,22,298,2006,0
8,2,22,298,2007,0
8,2,22,298,2008,0
8,2,22,298,2009,0
8,2,22,298,2010,0
8,2,22,298,2011,0
8,2,22,298,2012,0
8,2,22,298,2013,0
8,2,22,298,2014,0
8,2,22,298,2015,0
8,2,22,298,2016,0
8,3,22,298,1990,0
8,3,22,298,1991,0
8,3,22,298,1992,0
8,3,22,298,1993,0
8,3,22,298,1994,0
8,3,22,298,1995,0
8,3,22,298,1996,0
8,3,22,298,1997,0
8,3,22,298,1998,0
8,3,22,298,1999,0
8,3,22,298,2000,0
8,3,22,298,2001,0
8,3,22,298,2002,0
8,3,22,298,2003,0
8,3,22,298,2004,0
8,3,22,298,2005,0
8,3,22,298,2006,0
8,3,22,298,2007,0
8,3,22,298,2008,0
8,3,22,298,2009,0
8,3,22,298,2010,0
8,3,22,298,2011,0
8,3,22,298,2012,0
8,3,22,298,2013,0
8,3,22,298,2014,0
8,3,22,298,2015,0
8,3,22,298,2016,0
10,1,22,298,1990,0
10,1,22,298,1991,0
10,1,22,298,1992,0
10,1,22,298,1993,0
10,1,22,298,1994,0.01
10,1,22,298,1995,0.01
10,1,22,298,1996,0.02
10,1,22,298,1997,0.02
10,1,22,298,1998,0.03
10,1,22,298,1999,0.04
10,1,22,298,2000,0.05
10,1,22,298,2001,0.05
10,1,22,298,2002,0.06
10,1,22,298,2003,0.06
10,1,22,298,2004,0.06
10,1,22,298,2005,0.06
10,1,22,298,2006,0.05
10,1,22,298,2007,0.05
10,1,22,298,2008,0.05
10,1,22,298,2009,0.04
10,1,22,298,2010,0.04
10,1,22,298,2011,0.04
10,1,22,298,2012,0.03
10,1,22,298,2013,0.03
10,1,22,298,2014,0.03
10,1,22,298,2015,0.03
10,1,22,298,2016,0.02
10,2,22,298,1990,0
10,2,22,298,1991,0
10,2,22,298,1992,0
10,2,22,298,1993,0
10,2,22,298,1994,0
10,2,22,298,1995,0
10,2,22,298,1996,0.01
10,2,22,298,1997,0.01
10,2,22,298,1998,0.02
10,2,22,298,1999,0.02
10,2,22,298,2000,0.02
10,2,22,298,2001,0.03
10,2,22,298,2002,0.03
10,2,22,298,2003,0.03
10,2,22,298,2004,0.03
10,2,22,298,2005,0.03
10,2,22,298,2006,0.02
10,2,22,298,2007,0.02
10,2,22,298,2008,0.02
10,2,22,298,2009,0.02
10,2,22,298,2010,0.01
10,2,22,298,2011,0.01
10,2,22,298,2012,0.01
10,2,22,298,2013,0.01
10,2,22,298,2014,0.01
10,2,22,298,2015,0.01
10,2,22,298,2016,0.01
10,3,22,298,1990,0
10,3,22,298,1991,0
10,3,22,298,1992,0
10,3,22,298,1993,0
10,3,22,298,1994,0
10,3,22,298,1995,0.01
10,3,22,298,1996,0.01
10,3,22,298,1997,0.02
10,3,22,298,1998,0.03
10,3,22,298,1999,0.03
10,3,22,298,2000,0.04
10,3,22,298,2001,0.04
10,3,22,298,2002,0.04
10,3,22,298,2003,0.05
10,3,22,298,2004,0.05
10,3,22,298,2005,0.04
10,3,22,298,2006,0.04
10,3,22,298,2007,0.04
10,3,22,298,2008,0.03
10,3,22,298,2009,0.03
10,3,22,298,2010,0.03
10,3,22,298,2011,0.03
10,3,22,298,2012,0.02
10,3,22,298,2013,0.02
10,3,22,298,2014,0.02
10,3,22,298,2015,0.02
10,3,22,298,2016,0.02
11,1,22,298,1990,0
11,1,22,298,1991,0
11,1,22,298,1992,0
11,1,22,298,1993,0
11,1,22,298,1994,0
11,1,22,298,1995,0
11,1,22,298,1996,0
11,1,22,298,1997,0
11,1,22,298,1998,0
11,1,22,298,1999,0
11,1,22,298,2000,0
11,1,22,298,2001,0
11,1,22,298,2002,0
11,1,22,298,2003,0
11,1,22,298,2004,0
11,1,22,298,2005,0
11,1,22,298,2006,0
11,1,22,298,2007,0
11,1,22,298,2008,0
11,1,22,298,2009,0.01
11,1,22,298,2010,0.01
11,1,22,298,2011,0.01
11,1,22,298,2012,0.01
11,1,22,298,2013,0.01
11,1,22,298,2014,0.01
11,1,22,298,2015,0.01
11,1,22,298,2016,0.01
11,2,22,298,1990,0
11,2,22,298,1991,0
11,2,22,298,1992,0
11,2,22,298,1993,0
11,2,22,298,1994,0
11,2,22,298,1995,0
11,2,22,298,1996,0
11,2,22,298,1997,0
11,2,22,298,1998,0
11,2,22,298,1999,0
11,2,22,298,2000,0
11,2,22,298,2001,0
11,2,22,298,2002,0
11,2,22,298,2003,0
11,2,22,298,2004,0
11,2,22,298,2005,0
11,2,22,298,2006,0
11,2,22,298,2007,0
11,2,22,298,2008,0
11,2,22,298,2009,0
11,2,22,298,2010,0
11,2,22,298,2011,0.01
11,2,22,298,2012,0.01
11,2,22,298,2013,0.01
11,2,22,298,2014,0.01
11,2,22,298,2015,0.01
11,2,22,298,2016,0.01
11,3,22,298,1990,0
11,3,22,298,1991,0
11,3,22,298,1992,0
11,3,22,298,1993,0
11,3,22,298,1994,0
11,3,22,298,1995,0
11,3,22,298,1996,0
11,3,22,298,1997,0
11,3,22,298,1998,0
11,3,22,298,1999,0
11,3,22,298,2000,0
11,3,22,298,2001,0
11,3,22,298,2002,0
11,3,22,298,2003,0
11,3,22,298,2004,0
11,3,22,298,2005,0
11,3,22,298,2006,0
11,3,22,298,2007,0
11,3,22,298,2008,0
11,3,22,298,2009,0
11,3,22,298,2010,0.01
11,3,22,298,2011,0.01
11,3,22,298,2012,0.01
11,3,22,298,2013,0.01
11,3,22,298,2014,0.01
11,3,22,298,2015,0.01
11,3,22,298,2016,0.01
12,1,22,298,1990,0
12,1,22,298,1991,0
12,1,22,298,1992,0
12,1,22,298,1993,0
12,1,22,298,1994,0
12,1,22,298,1995,0
12,1,22,298,1996,0
12,1,22,298,1997,0
12,1,22,298,1998,0
12,1,22,298,1999,0
12,1,22,298,2000,0
12,1,22,298,2001,0
12,1,22,298,2002,0
12,1,22,298,2003,0
12,1,22,298,2004,0
12,1,22,298,2005,0
12,1,22,298,2006,0
12,1,22,298,2007,0.01
12,1,22,298,2008,0.01
12,1,22,298,2009,0.01
12,1,22,298,2010,0.01
12,1,22,298,2011,0.01
12,1,22,298,2012,0.01
12,1,22,298,2013,0.01
12,1,22,298,2014,0.01
12,1,22,298,2015,0.01
12,1,22,298,2016,0.01
12,2,22,298,1990,0
12,2,22,298,1991,0
12,2,22,298,1992,0
12,2,22,298,1993,0
12,2,22,298,1994,0
12,2,22,298,1995,0
12,2,22,298,1996,0
12,2,22,298,1997,0
12,2,22,298,1998,0
12,2,22,298,1999,0
12,2,22,298,2000,0
12,2,22,298,2001,0
12,2,22,298,2002,0
12,2,22,298,2003,0
12,2,22,298,2004,0
12,2,22,298,2005,0
12,2,22,298,2006,0
12,2,22,298,2007,0
12,2,22,298,2008,0
12,2,22,298,2009,0
12,2,22,298,2010,0
12,2,22,298,2011,0
12,2,22,298,2012,0
12,2,22,298,2013,0
12,2,22,298,2014,0
12,2,22,298,2015,0
12,2,22,298,2016,0
12,3,22,298,1990,0
12,3,22,298,1991,0
12,3,22,298,1992,0
12,3,22,298,1993,0
12,3,22,298,1994,0
12,3,22,298,1995,0
12,3,22,298,1996,0
12,3,22,298,1997,0
12,3,22,298,1998,0
12,3,22,298,1999,0
12,3,22,298,2000,0
12,3,22,298,2001,0
12,3,22,298,2002,0
12,3,22,298,2003,0
12,3,22,298,2004,0
12,3,22,298,2005,0
12,3,22,298,2006,0
12,3,22,298,2007,0
12,3,22,298,2008,0
12,3,22,298,2009,0.01
12,3,22,298,2010,0.01
12,3,22,298,2011,0.01
12,3,22,298,2012,0.01
12,3,22,298,2013,0.01
12,3,22,298,2014,0.01
12,3,22,298,2015,0.01
12,3,22,298,2016,0.01
13,1,22,298,1990,0
13,1,22,298,1991,0
13,1,22,298,1992,0
13,1,22,298,1993,0.01
13,1,22,298,1994,0.01
13,1,22,298,1995,0.02
13,1,22,298,1996,0.02
13,1,22,298,1997,0.03
13,1,22,298,1998,0.03
13,1,22,298,1999,0.03
13,1,22,298,2000,0.04
13,1,22,298,2001,0.04
13,1,22,298,2002,0.04
13,1,22,298,2003,0.04
13,1,22,298,2004,0.04
13,1,22,298,2005,0.04
13,1,22,298,2006,0.04
13,1,22,298,2007,0.04
13,1,22,298,2008,0.04
13,1,22,298,2009,0.04
13,1,22,298,2010,0.03
13,1,22,298,2011,0.03
13,1,22,298,2012,0.03
13,1,22,298,2013,0.03
13,1,22,298,2014,0.03
13,1,22,298,2015,0.02
13,1,22,298,2016,0.02
13,2,22,298,1990,0
13,2,22,298,1991,0
13,2,22,298,1992,0
13,2,22,298,1993,0
13,2,22,298,1994,0
13,2,22,298,1995,0
13,2,22,298,1996,0.01
13,2,22,298,1997,0.01
13,2,22,298,1998,0.01
13,2,22,298,1999,0.01
13,2,22,298,2000,0.01
13,2,22,298,2001,0.01
13,2,22,298,2002,0.01
13,2,22,298,2003,0.01
13,2,22,298,2004,0.01
13,2,22,298,2005,0.01
13,2,22,298,2006,0.01
13,2,22,298,2007,0.01
13,2,22,298,2008,0.01
13,2,22,298,2009,0.01
13,2,22,298,2010,0
13,2,22,298,2011,0
13,2,22,298,2012,0
13,2,22,298,2013,0
13,2,22,298,2014,0
13,2,22,298,2015,0
13,2,22,298,2016,0
13,3,22,298,1990,0
13,3,22,298,1991,0
13,3,22,298,1992,0
13,3,22,298,1993,0.01
13,3,22,298,1994,0.01
13,3,22,298,1995,0.01
13,3,22,298,1996,0.02
13,3,22,298,1997,0.02
13,3,22,298,1998,0.02
13,3,22,298,1999,0.02
13,3,22,298,2000,0.03
13,3,22,298,2001,0.03
13,3,22,298,2002,0.03
13,3,22,298,2003,0.03
13,3,22,298,2004,0.03
13,3,22,298,2005,0.03
13,3,22,298,2006,0.03
13,3,22,298,2007,0.03
13,3,22,298,2008,0.03
13,3,22,298,2009,0.02
13,3,22,298,2010,0.02
13,3,22,298,2011,0.02
13,3,22,298,2012,0.02
13,3,22,298,2013,0.02
13,3,22,298,2014,0.02
13,3,22,298,2015,0.02
13,3,22,298,2016,0.01
14,1,22,298,1990,0
14,1,22,298,1991,0
14,1,22,298,1992,0
14,1,22,298,1993,0
14,1,22,298,1994,0
14,1,22,298,1995,0
14,1,22,298,1996,0
14,1,22,298,1997,0
14,1,22,298,1998,0
14,1,22,298,1999,0
14,1,22,298,2000,0
14,1,22,298,2001,0
14,1,22,298,2002,0
14,1,22,298,2003,0
14,1,22,298,2004,0
14,1,22,298,2005,0
14,1,22,298,2006,0
14,1,22,298,2007,0
14,1,22,298,2008,0
14,1,22,298,2009,0
14,1,22,298,2010,0
14,1,22,298,2011,0
14,1,22,298,2012,0
14,1,22,298,2013,0
14,1,22,298,2014,0
14,1,22,298,2015,0
14,1,22,298,2016,0
14,2,22,298,1990,0
14,2,22,298,1991,0
14,2,22,298,1992,0
14,2,22,298,1993,0
14,2,22,298,1994,0
14,2,22,298,1995,0
14,2,22,298,1996,0
14,2,22,298,1997,0
14,2,22,298,1998,0
14,2,22,298,1999,0
14,2,22,298,2000,0
14,2,22,298,2001,0
14,2,22,298,2002,0
14,2,22,298,2003,0
14,2,22,298,2004,0
14,2,22,298,2005,0
14,2,22,298,2006,0
14,2,22,298,2007,0
14,2,22,298,2008,0
14,2,22,298,2009,0
14,2,22,298,2010,0
14,2,22,298,2011,0
14,2,22,298,2012,0
14,2,22,298,2013,0
14,2,22,298,2014,0
14,2,22,298,2015,0
14,2,22,298,2016,0
14,3,22,298,1990,0
14,3,22,298,1991,0
14,3,22,298,1992,0
14,3,22,298,1993,0
14,3,22,298,1994,0
14,3,22,298,1995,0
14,3,22,298,1996,0
14,3,22,298,1997,0
14,3,22,298,1998,0
14,3,22,298,1999,0
14,3,22,298,2000,0
14,3,22,298,2001,0
14,3,22,298,2002,0
14,3,22,298,2003,0
14,3,22,298,2004,0
14,3,22,298,2005,0
14,3,22,298,2006,0
14,3,22,298,2007,0
14,3,22,298,2008,0
14,3,22,298,2009,0
14,3,22,298,2010,0
14,3,22,298,2011,0
14,3,22,298,2012,0
14,3,22,298,2013,0
14,3,22,298,2014,0
14,3,22,298,2015,0
14,3,22,298,2016,0
15,1,22,298,1990,0
15,1,22,298,1991,0
15,1,22,298,1992,0
15,1,22,298,1993,0
15,1,22,298,1994,0.01
15,1,22,298,1995,0.01
15,1,22,298,1996,0.01
15,1,22,298,1997,0.01
15,1,22,298,1998,0.02
15,1,22,298,1999,0.02
15,1,22,298,2000,0.02
15,1,22,298,2001,0.03
15,1,22,298,2002,0.03
15,1,22,298,2003,0.04
15,1,22,298,2004,0.04
15,1,22,298,2005,0.05
15,1,22,298,2006,0.05
15,1,22,298,2007,0.06
15,1,22,298,2008,0.04
15,1,22,298,2009,0.06
15,1,22,298,2010,0.06
15,1,22,298,2011,0.06
15,1,22,298,2012,0.05
15,1,22,298,2013,0.05
15,1,22,298,2014,0.05
15,1,22,298,2015,0.04
15,1,22,298,2016,0.04
15,2,22,298,1990,0
15,2,22,298,1991,0
15,2,22,298,1992,0
15,2,22,298,1993,0
15,2,22,298,1994,0
15,2,22,298,1995,0
15,2,22,298,1996,0
15,2,22,298,1997,0
15,2,22,298,1998,0
15,2,22,298,1999,0.01
15,2,22,298,2000,0.01
15,2,22,298,2001,0.01
15,2,22,298,2002,0.01
15,2,22,298,2003,0.01
15,2,22,298,2004,0.01
15,2,22,298,2005,0.01
15,2,22,298,2006,0.01
15,2,22,298,2007,0.02
15,2,22,298,2008,0.01
15,2,22,298,2009,0.02
15,2,22,298,2010,0.01
15,2,22,298,2011,0.01
15,2,22,298,2012,0.01
15,2,22,298,2013,0.01
15,2,22,298,2014,0.01
15,2,22,298,2015,0
15,2,22,298,2016,0
15,3,22,298,1990,0
15,3,22,298,1991,0
15,3,22,298,1992,0
15,3,22,298,1993,0
15,3,22,298,1994,0
15,3,22,298,1995,0.01
15,3,22,298,1996,0.01
15,3,22,298,1997,0.01
15,3,22,298,1998,0.01
15,3,22,298,1999,0.01
15,3,22,298,2000,0.02
15,3,22,298,2001,0.02
15,3,22,298,2002,0.02
15,3,22,298,2003,0.03
15,3,22,298,2004,0.03
15,3,22,298,2005,0.03
15,3,22,298,2006,0.04
15,3,22,298,2007,0.04
15,3,22,298,2008,0.03
15,3,22,298,2009,0.04
15,3,22,298,2010,0.04
15,3,22,298,2011,0.04
15,3,22,298,2012,0.04
15,3,22,298,2013,0.03
15,3,22,298,2014,0.03
15,3,22,298,2015,0.03
15,3,22,298,2016,0.02
16,1,22,298,1990,0
16,1,22,298,1991,0
16,1,22,298,1992,0.01
16,1,22,298,1993,0.01
16,1,22,298,1994,0.01
16,1,22,298,1995,0.01
16,1,22,298,1996,0.01
16,1,22,298,1997,0.01
16,1,22,298,1998,0.01
16,1,22,298,1999,0.01
16,1,22,298,2000,0.01
16,1,22,298,2001,0.01
16,1,22,298,2002,0.01
16,1,22,298,2003,0.01
16,1,22,298,2004,0.01
16,1,22,298,2005,0.01
16,1,22,298,2006,0.01
16,1,22,298,2007,0.01
16,1,22,298,2008,0.01
16,1,22,298,2009,0.01
16,1,22,298,2010,0.01
16,1,22,298,2011,0.01
16,1,22,298,2012,0.01
16,1,22,298,2013,0.01
16,1,22,298,2014,0.01
16,1,22,298,2015,0.01
16,1,22,298,2016,0.01
16,2,22,298,1990,0
16,2,22,298,1991,0
16,2,22,298,1992,0.01
16,2,22,298,1993,0.01
16,2,22,298,1994,0.01
16,2,22,298,1995,0.01
16,2,22,298,1996,0.01
16,2,22,298,1997,0
16,2,22,298,1998,0
16,2,22,298,1999,0.01
16,2,22,298,2000,0.01
16,2,22,298,2001,0.01
16,2,22,298,2002,0.01
16,2,22,298,2003,0.01
16,2,22,298,2004,0.01
16,2,22,298,2005,0.01
16,2,22,298,2006,0.01
16,2,22,298,2007,0.01
16,2,22,298,2008,0.01
16,2,22,298,2009,0.01
16,2,22,298,2010,0.01
16,2,22,298,2011,0.01
16,2,22,298,2012,0.01
16,2,22,298,2013,0.01
16,2,22,298,2014,0.01
16,2,22,298,2015,0.01
16,2,22,298,2016,0.01
16,3,22,298,1990,0
16,3,22,298,1991,0
16,3,22,298,1992,0.01
16,3,22,298,1993,0.01
16,3,22,298,1994,0.01
16,3,22,298,1995,0.01
16,3,22,298,1996,0.01
16,3,22,298,1997,0.01
16,3,22,298,1998,0.01
16,3,22,298,1999,0.01
16,3,22,298,2000,0.01
16,3,22,298,2001,0.01
16,3,22,298,2002,0.01
16,3,22,298,2003,0.01
16,3,22,298,2004,0.01
16,3,22,298,2005,0.01
16,3,22,298,2006,0.01
16,3,22,298,2007,0.01
16,3,22,298,2008,0.01
16,3,22,298,2009,0.01
16,3,22,298,2010,0.01
16,3,22,298,2011,0.01
16,3,22,298,2012,0.01
16,3,22,298,2013,0.01
16,3,22,298,2014,0.01
16,3,22,298,2015,0.01
16,3,22,298,2016,0.01
17,1,22,298,1990,0
17,1,22,298,1991,0
17,1,22,298,1992,0
17,1,22,298,1993,0
17,1,22,298,1994,0
17,1,22,298,1995,0
17,1,22,298,1996,0
17,1,22,298,1997,0
17,1,22,298,1998,0
17,1,22,298,1999,0
17,1,22,298,2000,0
17,1,22,298,2001,0
17,1,22,298,2002,0
17,1,22,298,2003,0
17,1,22,298,2004,0
17,1,22,298,2005,0
17,1,22,298,2006,0
17,1,22,298,2007,0
17,1,22,298,2008,0
17,1,22,298,2009,0
17,1,22,298,2010,0
17,1,22,298,2011,0
17,1,22,298,2012,0
17,1,22,298,2013,0
17,1,22,298,2014,0
17,1,22,298,2015,0
17,1,22,298,2016,0
17,2,22,298,1990,0
17,2,22,298,1991,0
17,2,22,298,1992,0
17,2,22,298,1993,0
17,2,22,298,1994,0
17,2,22,298,1995,0
17,2,22,298,1996,0
17,2,22,298,1997,0
17,2,22,298,1998,0
17,2,22,298,1999,0
17,2,22,298,2000,0
17,2,22,298,2001,0
17,2,22,298,2002,0
17,2,22,298,2003,0
17,2,22,298,2004,0
17,2,22,298,2005,0
17,2,22,298,2006,0
17,2,22,298,2007,0
17,2,22,298,2008,0
17,2,22,298,2009,0
17,2,22,298,2010,0
17,2,22,298,2011,0
17,2,22,298,2012,0
17,2,22,298,2013,0
17,2,22,298,2014,0
17,2,22,298,2015,0
17,2,22,298,2016,0
17,3,22,298,1990,0
17,3,22,298,1991,0
17,3,22,298,1992,0
17,3,22,298,1993,0
17,3,22,298,1994,0
17,3,22,298,1995,0
17,3,22,298,1996,0
17,3,22,298,1997,0
17,3,22,298,1998,0
17,3,22,298,1999,0
17,3,22,298,2000,0
17,3,22,298,2001,0
17,3,22,298,2002,0
17,3,22,298,2003,0
17,3,22,298,2004,0
17,3,22,298,2005,0
17,3,22,298,2006,0
17,3,22,298,2007,0
17,3,22,298,2008,0
17,3,22,298,2009,0
17,3,22,298,2010,0
17,3,22,298,2011,0
17,3,22,298,2012,0
17,3,22,298,2013,0
17,3,22,298,2014,0
17,3,22,298,2015,0
17,3,22,298,2016,0
18,1,22,298,1990,0
18,1,22,298,1991,0.01
18,1,22,298,1992,0.02
18,1,22,298,1993,0.03
18,1,22,298,1994,0.04
18,1,22,298,1995,0.06
18,1,22,298,1996,0.07
18,1,22,298,1997,0.09
18,1,22,298,1998,0.11
18,1,22,298,1999,0.12
18,1,22,298,2000,0.13
18,1,22,298,2001,0.13
18,1,22,298,2002,0.13
18,1,22,298,2003,0.13
18,1,22,298,2004,0.12
18,1,22,298,2005,0.11
18,1,22,298,2006,0.09
18,1,22,298,2007,0.09
18,1,22,298,2008,0.08
18,1,22,298,2009,0.07
18,1,22,298,2010,0.07
18,1,22,298,2011,0.06
18,1,22,298,2012,0.06
18,1,22,298,2013,0.05
18,1,22,298,2014,0.05
18,1,22,298,2015,0.05
18,1,22,298,2016,0.04
18,2,22,298,1990,0
18,2,22,298,1991,0
18,2,22,298,1992,0.01
18,2,22,298,1993,0.02
18,2,22,298,1994,0.03
18,2,22,298,1995,0.04
18,2,22,298,1996,0.05
18,2,22,298,1997,0.07
18,2,22,298,1998,0.08
18,2,22,298,1999,0.09
18,2,22,298,2000,0.09
18,2,22,298,2001,0.1
18,2,22,298,2002,0.1
18,2,22,298,2003,0.1
18,2,22,298,2004,0.09
18,2,22,298,2005,0.08
18,2,22,298,2006,0.06
18,2,22,298,2007,0.05
18,2,22,298,2008,0.05
18,2,22,298,2009,0.05
18,2,22,298,2010,0.05
18,2,22,298,2011,0.04
18,2,22,298,2012,0.04
18,2,22,298,2013,0.04
18,2,22,298,2014,0.04
18,2,22,298,2015,0.05
18,2,22,298,2016,0.05
18,3,22,298,1990,0
18,3,22,298,1991,0.01
18,3,22,298,1992,0.01
18,3,22,298,1993,0.03
18,3,22,298,1994,0.04
18,3,22,298,1995,0.05
18,3,22,298,1996,0.07
18,3,22,298,1997,0.08
18,3,22,298,1998,0.1
18,3,22,298,1999,0.11
18,3,22,298,2000,0.11
18,3,22,298,2001,0.12
18,3,22,298,2002,0.12
18,3,22,298,2003,0.12
18,3,22,298,2004,0.11
18,3,22,298,2005,0.1
18,3,22,298,2006,0.08
18,3,22,298,2007,0.07
18,3,22,298,2008,0.07
18,3,22,298,2009,0.06
18,3,22,298,2010,0.06
18,3,22,298,2011,0.06
18,3,22,298,2012,0.05
18,3,22,298,2013,0.05
18,3,22,298,2014,0.05
18,3,22,298,2015,0.05
18,3,22,298,2016,0.04
19,1,22,298,1990,0
19,1,22,298,1991,0
19,1,22,298,1992,0
19,1,22,298,1993,0.01
19,1,22,298,1994,0.01
19,1,22,298,1995,0.01
19,1,22,298,1996,0.02
19,1,22,298,1997,0.02
19,1,22,298,1998,0.02
19,1,22,298,1999,0.01
19,1,22,298,2000,0.02
19,1,22,298,2001,0.02
19,1,22,298,2002,0.02
19,1,22,298,2003,0.03
19,1,22,298,2004,0.03
19,1,22,298,2005,0.03
19,1,22,298,2006,0.03
19,1,22,298,2007,0.03
19,1,22,298,2008,0.03
19,1,22,298,2009,0.03
19,1,22,298,2010,0.03
19,1,22,298,2011,0.03
19,1,22,298,2012,0.03
19,1,22,298,2013,0.03
19,1,22,298,2014,0.03
19,1,22,298,2015,0.03
19,1,22,298,2016,0.03
19,2,22,298,1990,0
19,2,22,298,1991,0
19,2,22,298,1992,0
19,2,22,298,1993,0.01
19,2,22,298,1994,0.01
19,2,22,298,1995,0.01
19,2,22,298,1996,0.01
19,2,22,298,1997,0.01
19,2,22,298,1998,0.02
19,2,22,298,1999,0.01
19,2,22,298,2000,0.02
19,2,22,298,2001,0.02
19,2,22,298,2002,0.02
19,2,22,298,2003,0.02
19,2,22,298,2004,0.02
19,2,22,298,2005,0.02
19,2,22,298,2006,0.02
19,2,22,298,2007,0.02
19,2,22,298,2008,0.02
19,2,22,298,2009,0.02
19,2,22,298,2010,0.02
19,2,22,298,2011,0.02
19,2,22,298,2012,0.02
19,2,22,298,2013,0.03
19,2,22,298,2014,0.03
19,2,22,298,2015,0.03
19,2,22,298,2016,0.02
19,3,22,298,1990,0
19,3,22,298,1991,0
19,3,22,298,1992,0
19,3,22,298,1993,0.01
19,3,22,298,1994,0.01
19,3,22,298,1995,0.01
19,3,22,298,1996,0.02
19,3,22,298,1997,0.02
19,3,22,298,1998,0.02
19,3,22,298,1999,0.01
19,3,22,298,2000,0.02
19,3,22,298,2001,0.02
19,3,22,298,2002,0.02
19,3,22,298,2003,0.02
19,3,22,298,2004,0.02
19,3,22,298,2005,0.02
19,3,22,298,2006,0.02
19,3,22,298,2007,0.02
19,3,22,298,2008,0.02
19,3,22,298,2009,0.03
19,3,22,298,2010,0.03
19,3,22,298,2011,0.03
19,3,22,298,2012,0.03
19,3,22,298,2013,0.03
19,3,22,298,2014,0.03
19,3,22,298,2015,0.03
19,3,22,298,2016,0.03
20,1,22,298,1990,0
20,1,22,298,1991,0
20,1,22,298,1992,0
20,1,22,298,1993,0
20,1,22,298,1994,0
20,1,22,298,1995,0
20,1,22,298,1996,0
20,1,22,298,1997,0.01
20,1,22,298,1998,0.01
20,1,22,298,1999,0.01
20,1,22,298,2000,0.01
20,1,22,298,2001,0.02
20,1,22,298,2002,0.02
20,1,22,298,2003,0.03
20,1,22,298,2004,0.03
20,1,22,298,2005,0.03
20,1,22,298,2006,0.03
20,1,22,298,2007,0.03
20,1,22,298,2008,0.03
20,1,22,298,2009,0.03
20,1,22,298,2010,0.03
20,1,22,298,2011,0.03
20,1,22,298,2012,0.03
20,1,22,298,2013,0.03
20,1,22,298,2014,0.03
20,1,22,298,2015,0.02
20,1,22,298,2016,0.02
20,2,22,298,1990,0
20,2,22,298,1991,0
20,2,22,298,1992,0
20,2,22,298,1993,0
20,2,22,298,1994,0
20,2,22,298,1995,0
20,2,22,298,1996,0
20,2,22,298,1997,0
20,2,22,298,1998,0
20,2,22,298,1999,0.01
20,2,22,298,2000,0.01
20,2,22,298,2001,0.01
20,2,22,298,2002,0.01
20,2,22,298,2003,0.01
20,2,22,298,2004,0.02
20,2,22,298,2005,0.02
20,2,22,298,2006,0.02
20,2,22,298,2007,0.02
20,2,22,298,2008,0.02
20,2,22,298,2009,0.02
20,2,22,298,2010,0.02
20,2,22,298,2011,0.02
20,2,22,298,2012,0.02
20,2,22,298,2013,0.02
20,2,22,298,2014,0.02
20,2,22,298,2015,0.02
20,2,22,298,2016,0.02
20,3,22,298,1990,0
20,3,22,298,1991,0
20,3,22,298,1992,0
20,3,22,298,1993,0
20,3,22,298,1994,0
20,3,22,298,1995,0
20,3,22,298,1996,0
20,3,22,298,1997,0
20,3,22,298,1998,0.01
20,3,22,298,1999,0.01
20,3,22,298,2000,0.01
20,3,22,298,2001,0.01
20,3,22,298,2002,0.02
20,3,22,298,2003,0.02
20,3,22,298,2004,0.02
20,3,22,298,2005,0.03
20,3,22,298,2006,0.03
20,3,22,298,2007,0.03
20,3,22,298,2008,0.03
20,3,22,298,2009,0.03
20,3,22,298,2010,0.02
20,3,22,298,2011,0.02
20,3,22,298,2012,0.02
20,3,22,298,2013,0.02
20,3,22,298,2014,0.02
20,3,22,298,2015,0.02
20,3,22,298,2016,0.02
22,1,22,298,1990,0
22,1,22,298,1991,0
22,1,22,298,1992,0
22,1,22,298,1993,0
22,1,22,298,1994,0
22,1,22,298,1995,0
22,1,22,298,1996,0
22,1,22,298,1997,0
22,1,22,298,1998,0
22,1,22,298,1999,0
22,1,22,298,2000,0
22,1,22,298,2001,0
22,1,22,298,2002,0
22,1,22,298,2003,0
22,1,22,298,2004,0
22,1,22,298,2005,0
22,1,22,298,2006,0
22,1,22,298,2007,0
22,1,22,298,2008,0
22,1,22,298,2009,0
22,1,22,298,2010,0
22,1,22,298,2011,0
22,1,22,298,2012,0
22,1,22,298,2013,0
22,1,22,298,2014,0
22,1,22,298,2015,0
22,1,22,298,2016,0
22,2,22,298,1990,0
22,2,22,298,1991,0
22,2,22,298,1992,0
22,2,22,298,1993,0
22,2,22,298,1994,0
22,2,22,298,1995,0
22,2,22,298,1996,0
22,2,22,298,1997,0
22,2,22,298,1998,0
22,2,22,298,1999,0
22,2,22,298,2000,0
22,2,22,298,2001,0
22,2,22,298,2002,0
22,2,22,298,2003,0
22,2,22,298,2004,0
22,2,22,298,2005,0
22,2,22,298,2006,0
22,2,22,298,2007,0
22,2,22,298,2008,0
22,2,22,298,2009,0
22,2,22,298,2010,0
22,2,22,298,2011,0
22,2,22,298,2012,0
22,2,22,298,2013,0
22,2,22,298,2014,0
22,2,22,298,2015,0
22,2,22,298,2016,0
22,3,22,298,1990,0
22,3,22,298,1991,0
22,3,22,298,1992,0
22,3,22,298,1993,0
22,3,22,298,1994,0
22,3,22,298,1995,0
22,3,22,298,1996,0
22,3,22,298,1997,0
22,3,22,298,1998,0
22,3,22,298,1999,0
22,3,22,298,2000,0
22,3,22,298,2001,0
22,3,22,298,2002,0
22,3,22,298,2003,0
22,3,22,298,2004,0
22,3,22,298,2005,0
22,3,22,298,2006,0
22,3,22,298,2007,0
22,3,22,298,2008,0
22,3,22,298,2009,0
22,3,22,298,2010,0
22,3,22,298,2011,0
22,3,22,298,2012,0
22,3,22,298,2013,0
22,3,22,298,2014,0
22,3,22,298,2015,0
22,3,22,298,2016,0
23,1,22,298,1990,0
23,1,22,298,1991,0
23,1,22,298,1992,0
23,1,22,298,1993,0
23,1,22,298,1994,0
23,1,22,298,1995,0
23,1,22,298,1996,0
23,1,22,298,1997,0
23,1,22,298,1998,0
23,1,22,298,1999,0
23,1,22,298,2000,0
23,1,22,298,2001,0
23,1,22,298,2002,0
23,1,22,298,2003,0
23,1,22,298,2004,0
23,1,22,298,2005,0
23,1,22,298,2006,0
23,1,22,298,2007,0
23,1,22,298,2008,0
23,1,22,298,2009,0
23,1,22,298,2010,0
23,1,22,298,2011,0
23,1,22,298,2012,0
23,1,22,298,2013,0
23,1,22,298,2014,0
23,1,22,298,2015,0
23,1,22,298,2016,0
23,2,22,298,1990,0
23,2,22,298,1991,0
23,2,22,298,1992,0
23,2,22,298,1993,0
23,2,22,298,1994,0
23,2,22,298,1995,0
23,2,22,298,1996,0
23,2,22,298,1997,0
23,2,22,298,1998,0
23,2,22,298,1999,0
23,2,22,298,2000,0
23,2,22,298,2001,0
23,2,22,298,2002,0
23,2,22,298,2003,0
23,2,22,298,2004,0
23,2,22,298,2005,0
23,2,22,298,2006,0
23,2,22,298,2007,0
23,2,22,298,2008,0
23,2,22,298,2009,0
23,2,22,298,2010,0
23,2,22,298,2011,0
23,2,22,298,2012,0
23,2,22,298,2013,0
23,2,22,298,2014,0
23,2,22,298,2015,0
23,2,22,298,2016,0
23,3,22,298,1990,0
23,3,22,298,1991,0
23,3,22,298,1992,0
23,3,22,298,1993,0
23,3,22,298,1994,0
23,3,22,298,1995,0
23,3,22,298,1996,0
23,3,22,298,1997,0
23,3,22,298,1998,0
23,3,22,298,1999,0
23,3,22,298,2000,0
23,3,22,298,2001,0
23,3,22,298,2002,0
23,3,22,298,2003,0
23,3,22,298,2004,0
23,3,22,298,2005,0
23,3,22,298,2006,0
23,3,22,298,2007,0
23,3,22,298,2008,0
23,3,22,298,2009,0
23,3,22,298,2010,0
23,3,22,298,2011,0
23,3,22,298,2012,0
23,3,22,298,2013,0
23,3,22,298,2014,0
23,3,22,298,2015,0
23,3,22,298,2016,0
24,1,22,298,1990,0
24,1,22,298,1991,0
24,1,22,298,1992,0
24,1,22,298,1993,0
24,1,22,298,1994,0
24,1,22,298,1995,0
24,1,22,298,1996,0
24,1,22,298,1997,0
24,1,22,298,1998,0
24,1,22,298,1999,0
24,1,22,298,2000,0
24,1,22,298,2001,0
24,1,22,298,2002,0
24,1,22,298,2003,0
24,1,22,298,2004,0
24,1,22,298,2005,0
24,1,22,298,2006,0
24,1,22,298,2007,0
24,1,22,298,2008,0
24,1,22,298,2009,0
24,1,22,298,2010,0
24,1,22,298,2011,0
24,1,22,298,2012,0
24,1,22,298,2013,0
24,1,22,298,2014,0
24,1,22,298,2015,0
24,1,22,298,2016,0
24,2,22,298,1990,0
24,2,22,298,1991,0
24,2,22,298,1992,0
24,2,22,298,1993,0
24,2,22,298,1994,0
24,2,22,298,1995,0
24,2,22,298,1996,0
24,2,22,298,1997,0
24,2,22,298,1998,0
24,2,22,298,1999,0
24,2,22,298,2000,0
24,2,22,298,2001,0
24,2,22,298,2002,0
24,2,22,298,2003,0
24,2,22,298,2004,0
24,2,22,298,2005,0
24,2,22,298,2006,0
24,2,22,298,2007,0
24,2,22,298,2008,0
24,2,22,298,2009,0
24,2,22,298,2010,0.01
24,2,22,298,2011,0.01
24,2,22,298,2012,0.01
24,2,22,298,2013,0.01
24,2,22,298,2014,0.01
24,2,22,298,2015,0.01
24,2,22,298,2016,0.01
24,3,22,298,1990,0
24,3,22,298,1991,0
24,3,22,298,1992,0
24,3,22,298,1993,0
24,3,22,298,1994,0
24,3,22,298,1995,0
24,3,22,298,1996,0
24,3,22,298,1997,0
24,3,22,298,1998,0
24,3,22,298,1999,0
24,3,22,298,2000,0
24,3,22,298,2001,0
24,3,22,298,2002,0
24,3,22,298,2003,0
24,3,22,298,2004,0
24,3,22,298,2005,0
24,3,22,298,2006,0
24,3,22,298,2007,0
24,3,22,298,2008,0
24,3,22,298,2009,0
24,3,22,298,2010,0
24,3,22,298,2011,0
24,3,22,298,2012,0
24,3,22,298,2013,0.01
24,3,22,298,2014,0.01
24,3,22,298,2015,0.01
24,3,22,298,2016,0.01
25,1,22,298,1990,0
25,1,22,298,1991,0
25,1,22,298,1992,0
25,1,22,298,1993,0
25,1,22,298,1994,0
25,1,22,298,1995,0
25,1,22,298,1996,0
25,1,22,298,1997,0
25,1,22,298,1998,0
25,1,22,298,1999,0
25,1,22,298,2000,0
25,1,22,298,2001,0
25,1,22,298,2002,0
25,1,22,298,2003,0
25,1,22,298,2004,0
25,1,22,298,2005,0
25,1,22,298,2006,0
25,1,22,298,2007,0
25,1,22,298,2008,0.01
25,1,22,298,2009,0.01
25,1,22,298,2010,0.01
25,1,22,298,2011,0.01
25,1,22,298,2012,0.02
25,1,22,298,2013,0.02
25,1,22,298,2014,0.03
25,1,22,298,2015,0.02
25,1,22,298,2016,0.03
25,2,22,298,1990,0
25,2,22,298,1991,0
25,2,22,298,1992,0
25,2,22,298,1993,0
25,2,22,298,1994,0
25,2,22,298,1995,0
25,2,22,298,1996,0
25,2,22,298,1997,0
25,2,22,298,1998,0
25,2,22,298,1999,0
25,2,22,298,2000,0
25,2,22,298,2001,0
25,2,22,298,2002,0
25,2,22,298,2003,0.01
25,2,22,298,2004,0.01
25,2,22,298,2005,0.01
25,2,22,298,2006,0.01
25,2,22,298,2007,0.01
25,2,22,298,2008,0.02
25,2,22,298,2009,0.02
25,2,22,298,2010,0.02
25,2,22,298,2011,0.03
25,2,22,298,2012,0.03
25,2,22,298,2013,0.03
25,2,22,298,2014,0.02
25,2,22,298,2015,0.02
25,2,22,298,2016,0.03
25,3,22,298,1990,0
25,3,22,298,1991,0
25,3,22,298,1992,0
25,3,22,298,1993,0
25,3,22,298,1994,0
25,3,22,298,1995,0
25,3,22,298,1996,0
25,3,22,298,1997,0
25,3,22,298,1998,0
25,3,22,298,1999,0
25,3,22,298,2000,0
25,3,22,298,2001,0
25,3,22,298,2002,0
25,3,22,298,2003,0
25,3,22,298,2004,0
25,3,22,298,2005,0
25,3,22,298,2006,0
25,3,22,298,2007,0.01
25,3,22,298,2008,0.01
25,3,22,298,2009,0.01
25,3,22,298,2010,0.01
25,3,22,298,2011,0.02
25,3,22,298,2012,0.02
25,3,22,298,2013,0.02
25,3,22,298,2014,0.03
25,3,22,298,2015,0.02
25,3,22,298,2016,0.03
26,1,22,298,1990,0
26,1,22,298,1991,0
26,1,22,298,1992,0
26,1,22,298,1993,0
26,1,22,298,1994,0
26,1,22,298,1995,0
26,1,22,298,1996,0
26,1,22,298,1997,0
26,1,22,298,1998,0.01
26,1,22,298,1999,0.01
26,1,22,298,2000,0.01
26,1,22,298,2001,0.01
26,1,22,298,2002,0.01
26,1,22,298,2003,0.01
26,1,22,298,2004,0.01
26,1,22,298,2005,0.02
26,1,22,298,2006,0.02
26,1,22,298,2007,0.02
26,1,22,298,2008,0.02
26,1,22,298,2009,0.02
26,1,22,298,2010,0.02
26,1,22,298,2011,0.02
26,1,22,298,2012,0.02
26,1,22,298,2013,0.01
26,1,22,298,2014,0.01
26,1,22,298,2015,0.01
26,1,22,298,2016,0.01
26,2,22,298,1990,0
26,2,22,298,1991,0
26,2,22,298,1992,0
26,2,22,298,1993,0
26,2,22,298,1994,0
26,2,22,298,1995,0
26,2,22,298,1996,0
26,2,22,298,1997,0
26,2,22,298,1998,0
26,2,22,298,1999,0
26,2,22,298,2000,0.01
26,2,22,298,2001,0.01
26,2,22,298,2002,0.01
26,2,22,298,2003,0.01
26,2,22,298,2004,0.01
26,2,22,298,2005,0.01
26,2,22,298,2006,0.02
26,2,22,298,2007,0.01
26,2,22,298,2008,0.01
26,2,22,298,2009,0.01
26,2,22,298,2010,0.01
26,2,22,298,2011,0.01
26,2,22,298,2012,0.01
26,2,22,298,2013,0.01
26,2,22,298,2014,0.01
26,2,22,298,2015,0.01
26,2,22,298,2016,0.01
26,3,22,298,1990,0
26,3,22,298,1991,0
26,3,22,298,1992,0
26,3,22,298,1993,0
26,3,22,298,1994,0
26,3,22,298,1995,0
26,3,22,298,1996,0
26,3,22,298,1997,0
26,3,22,298,1998,0
26,3,22,298,1999,0.01
26,3,22,298,2000,0.01
26,3,22,298,2001,0.01
26,3,22,298,2002,0.01
26,3,22,298,2003,0.01
26,3,22,298,2004,0.01
26,3,22,298,2005,0.02
26,3,22,298,2006,0.02
26,3,22,298,2007,0.02
26,3,22,298,2008,0.01
26,3,22,298,2009,0.01
26,3,22,298,2010,0.01
26,3,22,298,2011,0.01
26,3,22,298,2012,0.01
26,3,22,298,2013,0.01
26,3,22,298,2014,0.01
26,3,22,298,2015,0.01
26,3,22,298,2016,0.01
27,1,22,298,1990,0
27,1,22,298,1991,0
27,1,22,298,1992,0
27,1,22,298,1993,0
27,1,22,298,1994,0
27,1,22,298,1995,0
27,1,22,298,1996,0
27,1,22,298,1997,0
27,1,22,298,1998,0
27,1,22,298,1999,0
27,1,22,298,2000,0
27,1,22,298,2001,0
27,1,22,298,2002,0
27,1,22,298,2003,0
27,1,22,298,2004,0
27,1,22,298,2005,0
27,1,22,298,2006,0
27,1,22,298,2007,0
27,1,22,298,2008,0.01
27,1,22,298,2009,0
27,1,22,298,2010,0.01
27,1,22,298,2011,0.01
27,1,22,298,2012,0.01
27,1,22,298,2013,0.01
27,1,22,298,2014,0.01
27,1,22,298,2015,0.01
27,1,22,298,2016,0.01
27,2,22,298,1990,0
27,2,22,298,1991,0
27,2,22,298,1992,0
27,2,22,298,1993,0
27,2,22,298,1994,0
27,2,22,298,1995,0
27,2,22,298,1996,0
27,2,22,298,1997,0.01
27,2,22,298,1998,0.01
27,2,22,298,1999,0.01
27,2,22,298,2000,0.01
27,2,22,298,2001,0.01
27,2,22,298,2002,0.01
27,2,22,298,2003,0.01
27,2,22,298,2004,0.01
27,2,22,298,2005,0.01
27,2,22,298,2006,0.01
27,2,22,298,2007,0.01
27,2,22,298,2008,0.01
27,2,22,298,2009,0.01
27,2,22,298,2010,0.01
27,2,22,298,2011,0.01
27,2,22,298,2012,0.01
27,2,22,298,2013,0.01
27,2,22,298,2014,0.01
27,2,22,298,2015,0.01
27,2,22,298,2016,0.01
27,3,22,298,1990,0
27,3,22,298,1991,0
27,3,22,298,1992,0
27,3,22,298,1993,0
27,3,22,298,1994,0
27,3,22,298,1995,0
27,3,22,298,1996,0
27,3,22,298,1997,0
27,3,22,298,1998,0
27,3,22,298,1999,0
27,3,22,298,2000,0
27,3,22,298,2001,0
27,3,22,298,2002,0
27,3,22,298,2003,0.01
27,3,22,298,2004,0.01
27,3,22,298,2005,0.01
27,3,22,298,2006,0.01
27,3,22,298,2007,0.01
27,3,22,298,2008,0.01
27,3,22,298,2009,0.01
27,3,22,298,2010,0.01
27,3,22,298,2011,0.01
27,3,22,298,2012,0.01
27,3,22,298,2013,0.01
27,3,22,298,2014,0.01
27,3,22,298,2015,0.01
27,3,22,298,2016,0.01
28,1,22,298,1990,0
28,1,22,298,1991,0
28,1,22,298,1992,0
28,1,22,298,1993,0
28,1,22,298,1994,0
28,1,22,298,1995,0
28,1,22,298,1996,0
28,1,22,298,1997,0
28,1,22,298,1998,0
28,1,22,298,1999,0
28,1,22,298,2000,0
28,1,22,298,2001,0
28,1,22,298,2002,0
28,1,22,298,2003,0
28,1,22,298,2004,0
28,1,22,298,2005,0
28,1,22,298,2006,0
28,1,22,298,2007,0
28,1,22,298,2008,0
28,1,22,298,2009,0
28,1,22,298,2010,0
28,1,22,298,2011,0
28,1,22,298,2012,0
28,1,22,298,2013,0
28,1,22,298,2014,0
28,1,22,298,2015,0
28,1,22,298,2016,0
28,2,22,298,1990,0
28,2,22,298,1991,0
28,2,22,298,1992,0
28,2,22,298,1993,0
28,2,22,298,1994,0
28,2,22,298,1995,0
28,2,22,298,1996,0
28,2,22,298,1997,0
28,2,22,298,1998,0
28,2,22,298,1999,0
28,2,22,298,2000,0
28,2,22,298,2001,0
28,2,22,298,2002,0
28,2,22,298,2003,0
28,2,22,298,2004,0
28,2,22,298,2005,0
28,2,22,298,2006,0
28,2,22,298,2007,0
28,2,22,298,2008,0
28,2,22,298,2009,0
28,2,22,298,2010,0
28,2,22,298,2011,0
28,2,22,298,2012,0.01
28,2,22,298,2013,0.01
28,2,22,298,2014,0.01
28,2,22,298,2015,0.01
28,2,22,298,2016,0.01
28,3,22,298,1990,0
28,3,22,298,1991,0
28,3,22,298,1992,0
28,3,22,298,1993,0
28,3,22,298,1994,0
28,3,22,298,1995,0
28,3,22,298,1996,0
28,3,22,298,1997,0
28,3,22,298,1998,0
28,3,22,298,1999,0
28,3,22,298,2000,0
28,3,22,298,2001,0
28,3,22,298,2002,0
28,3,22,298,2003,0
28,3,22,298,2004,0
28,3,22,298,2005,0
28,3,22,298,2006,0
28,3,22,298,2007,0
28,3,22,298,2008,0
28,3,22,298,2009,0
28,3,22,298,2010,0
28,3,22,298,2011,0
28,3,22,298,2012,0
28,3,22,298,2013,0
28,3,22,298,2014,0
28,3,22,298,2015,0
28,3,22,298,2016,0
29,1,22,298,1990,0
29,1,22,298,1991,0
29,1,22,298,1992,0
29,1,22,298,1993,0
29,1,22,298,1994,0
29,1,22,298,1995,0
29,1,22,298,1996,0
29,1,22,298,1997,0
29,1,22,298,1998,0
29,1,22,298,1999,0
29,1,22,298,2000,0
29,1,22,298,2001,0
29,1,22,298,2002,0
29,1,22,298,2003,0
29,1,22,298,2004,0
29,1,22,298,2005,0
29,1,22,298,2006,0
29,1,22,298,2007,0
29,1,22,298,2008,0
29,1,22,298,2009,0
29,1,22,298,2010,0
29,1,22,298,2011,0
29,1,22,298,2012,0.01
29,1,22,298,2013,0.01
29,1,22,298,2014,0.01
29,1,22,298,2015,0.01
29,1,22,298,2016,0.01
29,2,22,298,1990,0
29,2,22,298,1991,0
29,2,22,298,1992,0
29,2,22,298,1993,0
29,2,22,298,1994,0
29,2,22,298,1995,0
29,2,22,298,1996,0
29,2,22,298,1997,0
29,2,22,298,1998,0
29,2,22,298,1999,0
29,2,22,298,2000,0
29,2,22,298,2001,0
29,2,22,298,2002,0.01
29,2,22,298,2003,0.01
29,2,22,298,2004,0.01
29,2,22,298,2005,0.01
29,2,22,298,2006,0.01
29,2,22,298,2007,0.01
29,2,22,298,2008,0.01
29,2,22,298,2009,0.01
29,2,22,298,2010,0.01
29,2,22,298,2011,0.01
29,2,22,298,2012,0.01
29,2,22,298,2013,0.01
29,2,22,298,2014,0.01
29,2,22,298,2015,0.01
29,2,22,298,2016,0.01
29,3,22,298,1990,0
29,3,22,298,1991,0
29,3,22,298,1992,0
29,3,22,298,1993,0
29,3,22,298,1994,0
29,3,22,298,1995,0
29,3,22,298,1996,0
29,3,22,298,1997,0
29,3,22,298,1998,0
29,3,22,298,1999,0
29,3,22,298,2000,0
29,3,22,298,2001,0
29,3,22,298,2002,0
29,3,22,298,2003,0
29,3,22,298,2004,0
29,3,22,298,2005,0
29,3,22,298,2006,0
29,3,22,298,2007,0
29,3,22,298,2008,0
29,3,22,298,2009,0
29,3,22,298,2010,0.01
29,3,22,298,2011,0.01
29,3,22,298,2012,0.01
29,3,22,298,2013,0.01
29,3,22,298,2014,0.01
29,3,22,298,2015,0.01
29,3,22,298,2016,0.01
30,1,22,298,1990,0
30,1,22,298,1991,0
30,1,22,298,1992,0
30,1,22,298,1993,0
30,1,22,298,1994,0
30,1,22,298,1995,0
30,1,22,298,1996,0
30,1,22,298,1997,0
30,1,22,298,1998,0
30,1,22,298,1999,0
30,1,22,298,2000,0
30,1,22,298,2001,0
30,1,22,298,2002,0
30,1,22,298,2003,0
30,1,22,298,2004,0
30,1,22,298,2005,0
30,1,22,298,2006,0
30,1,22,298,2007,0
30,1,22,298,2008,0
30,1,22,298,2009,0
30,1,22,298,2010,0
30,1,22,298,2011,0
30,1,22,298,2012,0
30,1,22,298,2013,0
30,1,22,298,2014,0
30,1,22,298,2015,0
30,1,22,298,2016,0
30,2,22,298,1990,0
30,2,22,298,1991,0
30,2,22,298,1992,0
30,2,22,298,1993,0
30,2,22,298,1994,0
30,2,22,298,1995,0
30,2,22,298,1996,0
30,2,22,298,1997,0
30,2,22,298,1998,0
30,2,22,298,1999,0
30,2,22,298,2000,0
30,2,22,298,2001,0
30,2,22,298,2002,0
30,2,22,298,2003,0
30,2,22,298,2004,0
30,2,22,298,2005,0
30,2,22,298,2006,0
30,2,22,298,2007,0
30,2,22,298,2008,0
30,2,22,298,2009,0
30,2,22,298,2010,0
30,2,22,298,2011,0
30,2,22,298,2012,0.01
30,2,22,298,2013,0.01
30,2,22,298,2014,0.01
30,2,22,298,2015,0.01
30,2,22,298,2016,0.01
30,3,22,298,1990,0
30,3,22,298,1991,0
30,3,22,298,1992,0
30,3,22,298,1993,0
30,3,22,298,1994,0
30,3,22,298,1995,0
30,3,22,298,1996,0
30,3,22,298,1997,0
30,3,22,298,1998,0
30,3,22,298,1999,0
30,3,22,298,2000,0
30,3,22,298,2001,0
30,3,22,298,2002,0
30,3,22,298,2003,0
30,3,22,298,2004,0
30,3,22,298,2005,0
30,3,22,298,2006,0
30,3,22,298,2007,0
30,3,22,298,2008,0
30,3,22,298,2009,0
30,3,22,298,2010,0
30,3,22,298,2011,0
30,3,22,298,2012,0
30,3,22,298,2013,0
30,3,22,298,2014,0
30,3,22,298,2015,0
30,3,22,298,2016,0
33,1,22,298,1990,0
33,1,22,298,1991,0
33,1,22,298,1992,0
33,1,22,298,1993,0
33,1,22,298,1994,0
33,1,22,298,1995,0
33,1,22,298,1996,0
33,1,22,298,1997,0
33,1,22,298,1998,0
33,1,22,298,1999,0
33,1,22,298,2000,0
33,1,22,298,2001,0
33,1,22,298,2002,0
33,1,22,298,2003,0
33,1,22,298,2004,0
33,1,22,298,2005,0
33,1,22,298,2006,0
33,1,22,298,2007,0
33,1,22,298,2008,0
33,1,22,298,2009,0
33,1,22,298,2010,0
33,1,22,298,2011,0
33,1,22,298,2012,0
33,1,22,298,2013,0
33,1,22,298,2014,0
33,1,22,298,2015,0
33,1,22,298,2016,0
33,2,22,298,1990,0
33,2,22,298,1991,0
33,2,22,298,1992,0
33,2,22,298,1993,0
33,2,22,298,1994,0
33,2,22,298,1995,0
33,2,22,298,1996,0
33,2,22,298,1997,0
33,2,22,298,1998,0
33,2,22,298,1999,0
33,2,22,298,2000,0
33,2,22,298,2001,0
33,2,22,298,2002,0
33,2,22,298,2003,0
33,2,22,298,2004,0
33,2,22,298,2005,0
33,2,22,298,2006,0
33,2,22,298,2007,0
33,2,22,298,2008,0
33,2,22,298,2009,0
33,2,22,298,2010,0
33,2,22,298,2011,0
33,2,22,298,2012,0
33,2,22,298,2013,0
33,2,22,298,2014,0
33,2,22,298,2015,0
33,2,22,298,2016,0
33,3,22,298,1990,0
33,3,22,298,1991,0
33,3,22,298,1992,0
33,3,22,298,1993,0
33,3,22,298,1994,0
33,3,22,298,1995,0
33,3,22,298,1996,0
33,3,22,298,1997,0
33,3,22,298,1998,0
33,3,22,298,1999,0
33,3,22,298,2000,0
33,3,22,298,2001,0
33,3,22,298,2002,0
33,3,22,298,2003,0
33,3,22,298,2004,0
33,3,22,298,2005,0
33,3,22,298,2006,0
33,3,22,298,2007,0
33,3,22,298,2008,0
33,3,22,298,2009,0
33,3,22,298,2010,0
33,3,22,298,2011,0
33,3,22,298,2012,0
33,3,22,298,2013,0
33,3,22,298,2014,0
33,3,22,298,2015,0
33,3,22,298,2016,0
34,1,22,298,1990,0
34,1,22,298,1991,0
34,1,22,298,1992,0
34,1,22,298,1993,0
34,1,22,298,1994,0
34,1,22,298,1995,0
34,1,22,298,1996,0
34,1,22,298,1997,0
34,1,22,298,1998,0
34,1,22,298,1999,0
34,1,22,298,2000,0
34,1,22,298,2001,0
34,1,22,298,2002,0
34,1,22,298,2003,0
34,1,22,298,2004,0
34,1,22,298,2005,0
34,1,22,298,2006,0
34,1,22,298,2007,0
34,1,22,298,2008,0
34,1,22,298,2009,0
34,1,22,298,2010,0
34,1,22,298,2011,0
34,1,22,298,2012,0
34,1,22,298,2013,0
34,1,22,298,2014,0
34,1,22,298,2015,0
34,1,22,298,2016,0
34,2,22,298,1990,0
34,2,22,298,1991,0
34,2,22,298,1992,0
34,2,22,298,1993,0
34,2,22,298,1994,0
34,2,22,298,1995,0
34,2,22,298,1996,0
34,2,22,298,1997,0
34,2,22,298,1998,0
34,2,22,298,1999,0
34,2,22,298,2000,0
34,2,22,298,2001,0
34,2,22,298,2002,0
34,2,22,298,2003,0
34,2,22,298,2004,0
34,2,22,298,2005,0
34,2,22,298,2006,0
34,2,22,298,2007,0
34,2,22,298,2008,0
34,2,22,298,2009,0
34,2,22,298,2010,0
34,2,22,298,2011,0
34,2,22,298,2012,0
34,2,22,298,2013,0
34,2,22,298,2014,0
34,2,22,298,2015,0
34,2,22,298,2016,0
34,3,22,298,1990,0
34,3,22,298,1991,0
34,3,22,298,1992,0
34,3,22,298,1993,0
34,3,22,298,1994,0
34,3,22,298,1995,0
34,3,22,298,1996,0
34,3,22,298,1997,0
34,3,22,298,1998,0
34,3,22,298,1999,0
34,3,22,298,2000,0
34,3,22,298,2001,0
34,3,22,298,2002,0
34,3,22,298,2003,0
34,3,22,298,2004,0
34,3,22,298,2005,0
34,3,22,298,2006,0
34,3,22,298,2007,0
34,3,22,298,2008,0
34,3,22,298,2009,0
34,3,22,298,2010,0
34,3,22,298,2011,0
34,3,22,298,2012,0
34,3,22,298,2013,0
34,3,22,298,2014,0
34,3,22,298,2015,0
34,3,22,298,2016,0
35,1,22,298,1990,0
35,1,22,298,1991,0
35,1,22,298,1992,0
35,1,22,298,1993,0
35,1,22,298,1994,0
35,1,22,298,1995,0
35,1,22,298,1996,0
35,1,22,298,1997,0
35,1,22,298,1998,0
35,1,22,298,1999,0
35,1,22,298,2000,0
35,1,22,298,2001,0
35,1,22,298,2002,0
35,1,22,298,2003,0
35,1,22,298,2004,0
35,1,22,298,2005,0
35,1,22,298,2006,0
35,1,22,298,2007,0
35,1,22,298,2008,0
35,1,22,298,2009,0
35,1,22,298,2010,0
35,1,22,298,2011,0
35,1,22,298,2012,0
35,1,22,298,2013,0
35,1,22,298,2014,0
35,1,22,298,2015,0
35,1,22,298,2016,0
35,2,22,298,1990,0
35,2,22,298,1991,0
35,2,22,298,1992,0
35,2,22,298,1993,0
35,2,22,298,1994,0
35,2,22,298,1995,0
35,2,22,298,1996,0
35,2,22,298,1997,0
35,2,22,298,1998,0
35,2,22,298,1999,0
35,2,22,298,2000,0
35,2,22,298,2001,0
35,2,22,298,2002,0
35,2,22,298,2003,0
35,2,22,298,2004,0
35,2,22,298,2005,0
35,2,22,298,2006,0
35,2,22,298,2007,0
35,2,22,298,2008,0
35,2,22,298,2009,0
35,2,22,298,2010,0
35,2,22,298,2011,0
35,2,22,298,2012,0
35,2,22,298,2013,0
35,2,22,298,2014,0
35,2,22,298,2015,0
35,2,22,298,2016,0
35,3,22,298,1990,0
35,3,22,298,1991,0
35,3,22,298,1992,0
35,3,22,298,1993,0
35,3,22,298,1994,0
35,3,22,298,1995,0
35,3,22,298,1996,0
35,3,22,298,1997,0
35,3,22,298,1998,0
35,3,22,298,1999,0
35,3,22,298,2000,0
35,3,22,298,2001,0
35,3,22,298,2002,0
35,3,22,298,2003,0
35,3,22,298,2004,0
35,3,22,298,2005,0
35,3,22,298,2006,0
35,3,22,298,2007,0
35,3,22,298,2008,0
35,3,22,298,2009,0
35,3,22,298,2010,0
35,3,22,298,2011,0
35,3,22,298,2012,0
35,3,22,298,2013,0
35,3,22,298,2014,0
35,3,22,298,2015,0
35,3,22,298,2016,0
36,1,22,298,1990,0
36,1,22,298,1991,0
36,1,22,298,1992,0
36,1,22,298,1993,0
36,1,22,298,1994,0
36,1,22,298,1995,0.01
36,1,22,298,1996,0.01
36,1,22,298,1997,0.01
36,1,22,298,1998,0.01
36,1,22,298,1999,0.01
36,1,22,298,2000,0
36,1,22,298,2001,0
36,1,22,298,2002,0
36,1,22,298,2003,0
36,1,22,298,2004,0
36,1,22,298,2005,0.01
36,1,22,298,2006,0
36,1,22,298,2007,0
36,1,22,298,2008,0.01
36,1,22,298,2009,0.01
36,1,22,298,2010,0.01
36,1,22,298,2011,0.01
36,1,22,298,2012,0
36,1,22,298,2013,0
36,1,22,298,2014,0
36,1,22,298,2015,0
36,1,22,298,2016,0
36,2,22,298,1990,0
36,2,22,298,1991,0
36,2,22,298,1992,0
36,2,22,298,1993,0
36,2,22,298,1994,0
36,2,22,298,1995,0
36,2,22,298,1996,0
36,2,22,298,1997,0
36,2,22,298,1998,0
36,2,22,298,1999,0
36,2,22,298,2000,0
36,2,22,298,2001,0
36,2,22,298,2002,0
36,2,22,298,2003,0
36,2,22,298,2004,0
36,2,22,298,2005,0
36,2,22,298,2006,0
36,2,22,298,2007,0
36,2,22,298,2008,0
36,2,22,298,2009,0
36,2,22,298,2010,0
36,2,22,298,2011,0
36,2,22,298,2012,0
36,2,22,298,2013,0
36,2,22,298,2014,0
36,2,22,298,2015,0
36,2,22,298,2016,0
36,3,22,298,1990,0
36,3,22,298,1991,0
36,3,22,298,1992,0
36,3,22,298,1993,0
36,3,22,298,1994,0
36,3,22,298,1995,0
36,3,22,298,1996,0.01
36,3,22,298,1997,0.01
36,3,22,298,1998,0.01
36,3,22,298,1999,0.01
36,3,22,298,2000,0
36,3,22,298,2001,0
36,3,22,298,2002,0
36,3,22,298,2003,0
36,3,22,298,2004,0
36,3,22,298,2005,0
36,3,22,298,2006,0
36,3,22,298,2007,0
36,3,22,298,2008,0
36,3,22,298,2009,0
36,3,22,298,2010,0
36,3,22,298,2011,0
36,3,22,298,2012,0
36,3,22,298,2013,0
36,3,22,298,2014,0
36,3,22,298,2015,0
36,3,22,298,2016,0
37,1,22,298,1990,0
37,1,22,298,1991,0
37,1,22,298,1992,0
37,1,22,298,1993,0
37,1,22,298,1994,0
37,1,22,298,1995,0
37,1,22,298,1996,0
37,1,22,298,1997,0.01
37,1,22,298,1998,0.01
37,1,22,298,1999,0.01
37,1,22,298,2000,0.01
37,1,22,298,2001,0.01
37,1,22,298,2002,0.01
37,1,22,298,2003,0.01
37,1,22,298,2004,0.01
37,1,22,298,2005,0.01
37,1,22,298,2006,0.01
37,1,22,298,2007,0.01
37,1,22,298,2008,0.01
37,1,22,298,2009,0.01
37,1,22,298,2010,0.01
37,1,22,298,2011,0.01
37,1,22,298,2012,0.01
37,1,22,298,2013,0.01
37,1,22,298,2014,0.01
37,1,22,298,2015,0.01
37,1,22,298,2016,0.01
37,2,22,298,1990,0
37,2,22,298,1991,0
37,2,22,298,1992,0
37,2,22,298,1993,0
37,2,22,298,1994,0
37,2,22,298,1995,0
37,2,22,298,1996,0
37,2,22,298,1997,0
37,2,22,298,1998,0
37,2,22,298,1999,0.01
37,2,22,298,2000,0
37,2,22,298,2001,0.01
37,2,22,298,2002,0
37,2,22,298,2003,0
37,2,22,298,2004,0
37,2,22,298,2005,0
37,2,22,298,2006,0
37,2,22,298,2007,0
37,2,22,298,2008,0
37,2,22,298,2009,0
37,2,22,298,2010,0
37,2,22,298,2011,0.01
37,2,22,298,2012,0.01
37,2,22,298,2013,0.01
37,2,22,298,2014,0.01
37,2,22,298,2015,0.01
37,2,22,298,2016,0.01
37,3,22,298,1990,0
37,3,22,298,1991,0
37,3,22,298,1992,0
37,3,22,298,1993,0
37,3,22,298,1994,0
37,3,22,298,1995,0
37,3,22,298,1996,0
37,3,22,298,1997,0
37,3,22,298,1998,0.01
37,3,22,298,1999,0.01
37,3,22,298,2000,0.01
37,3,22,298,2001,0.01
37,3,22,298,2002,0.01
37,3,22,298,2003,0.01
37,3,22,298,2004,0.01
37,3,22,298,2005,0.01
37,3,22,298,2006,0.01
37,3,22,298,2007,0.01
37,3,22,298,2008,0.01
37,3,22,298,2009,0.01
37,3,22,298,2010,0.01
37,3,22,298,2011,0.01
37,3,22,298,2012,0.01
37,3,22,298,2013,0.01
37,3,22,298,2014,0.01
37,3,22,298,2015,0.01
37,3,22,298,2016,0.01
38,1,22,298,1990,0
38,1,22,298,1991,0
38,1,22,298,1992,0
38,1,22,298,1993,0
38,1,22,298,1994,0
38,1,22,298,1995,0
38,1,22,298,1996,0
38,1,22,298,1997,0
38,1,22,298,1998,0
38,1,22,298,1999,0
38,1,22,298,2000,0
38,1,22,298,2001,0
38,1,22,298,2002,0
38,1,22,298,2003,0
38,1,22,298,2004,0
38,1,22,298,2005,0
38,1,22,298,2006,0
38,1,22,298,2007,0
38,1,22,298,2008,0
38,1,22,298,2009,0
38,1,22,298,2010,0
38,1,22,298,2011,0
38,1,22,298,2012,0
38,1,22,298,2013,0
38,1,22,298,2014,0
38,1,22,298,2015,0
38,1,22,298,2016,0
38,2,22,298,1990,0
38,2,22,298,1991,0
38,2,22,298,1992,0
38,2,22,298,1993,0
38,2,22,298,1994,0
38,2,22,298,1995,0
38,2,22,298,1996,0
38,2,22,298,1997,0
38,2,22,298,1998,0
38,2,22,298,1999,0
38,2,22,298,2000,0
38,2,22,298,2001,0
38,2,22,298,2002,0
38,2,22,298,2003,0
38,2,22,298,2004,0
38,2,22,298,2005,0
38,2,22,298,2006,0
38,2,22,298,2007,0
38,2,22,298,2008,0
38,2,22,298,2009,0
38,2,22,298,2010,0
38,2,22,298,2011,0
38,2,22,298,2012,0
38,2,22,298,2013,0
38,2,22,298,2014,0
38,2,22,298,2015,0
38,2,22,298,2016,0
38,3,22,298,1990,0
38,3,22,298,1991,0
38,3,22,298,1992,0
38,3,22,298,1993,0
38,3,22,298,1994,0
38,3,22,298,1995,0
38,3,22,298,1996,0
38,3,22,298,1997,0
38,3,22,298,1998,0
38,3,22,298,1999,0
38,3,22,298,2000,0
38,3,22,298,2001,0
38,3,22,298,2002,0
38,3,22,298,2003,0
38,3,22,298,2004,0
38,3,22,298,2005,0
38,3,22,298,2006,0
38,3,22,298,2007,0
38,3,22,298,2008,0
38,3,22,298,2009,0
38,3,22,298,2010,0
38,3,22,298,2011,0
38,3,22,298,2012,0
38,3,22,298,2013,0
38,3,22,298,2014,0
38,3,22,298,2015,0
38,3,22,298,2016,0
39,1,22,298,1990,0
39,1,22,298,1991,0
39,1,22,298,1992,0
39,1,22,298,1993,0
39,1,22,298,1994,0
39,1,22,298,1995,0
39,1,22,298,1996,0
39,1,22,298,1997,0
39,1,22,298,1998,0
39,1,22,298,1999,0
39,1,22,298,2000,0
39,1,22,298,2001,0
39,1,22,298,2002,0
39,1,22,298,2003,0
39,1,22,298,2004,0
39,1,22,298,2005,0
39,1,22,298,2006,0
39,1,22,298,2007,0
39,1,22,298,2008,0
39,1,22,298,2009,0
39,1,22,298,2010,0
39,1,22,298,2011,0
39,1,22,298,2012,0
39,1,22,298,2013,0
39,1,22,298,2014,0
39,1,22,298,2015,0
39,1,22,298,2016,0
39,2,22,298,1990,0
39,2,22,298,1991,0
39,2,22,298,1992,0
39,2,22,298,1993,0
39,2,22,298,1994,0
39,2,22,298,1995,0
39,2,22,298,1996,0
39,2,22,298,1997,0
39,2,22,298,1998,0
39,2,22,298,1999,0
39,2,22,298,2000,0
39,2,22,298,2001,0
39,2,22,298,2002,0
39,2,22,298,2003,0.01
39,2,22,298,2004,0.01
39,2,22,298,2005,0.01
39,2,22,298,2006,0.01
39,2,22,298,2007,0.01
39,2,22,298,2008,0.01
39,2,22,298,2009,0.01
39,2,22,298,2010,0.01
39,2,22,298,2011,0.01
39,2,22,298,2012,0.01
39,2,22,298,2013,0
39,2,22,298,2014,0
39,2,22,298,2015,0
39,2,22,298,2016,0
39,3,22,298,1990,0
39,3,22,298,1991,0
39,3,22,298,1992,0
39,3,22,298,1993,0
39,3,22,298,1994,0
39,3,22,298,1995,0
39,3,22,298,1996,0
39,3,22,298,1997,0
39,3,22,298,1998,0
39,3,22,298,1999,0
39,3,22,298,2000,0
39,3,22,298,2001,0
39,3,22,298,2002,0
39,3,22,298,2003,0
39,3,22,298,2004,0.01
39,3,22,298,2005,0.01
39,3,22,298,2006,0.01
39,3,22,298,2007,0.01
39,3,22,298,2008,0.01
39,3,22,298,2009,0.01
39,3,22,298,2010,0.01
39,3,22,298,2011,0
39,3,22,298,2012,0
39,3,22,298,2013,0
39,3,22,298,2014,0
39,3,22,298,2015,0
39,3,22,298,2016,0
40,1,22,298,1990,0
40,1,22,298,1991,0
40,1,22,298,1992,0.01
40,1,22,298,1993,0.01
40,1,22,298,1994,0.01
40,1,22,298,1995,0.01
40,1,22,298,1996,0.01
40,1,22,298,1997,0.01
40,1,22,298,1998,0.01
40,1,22,298,1999,0.01
40,1,22,298,2000,0.01
40,1,22,298,2001,0.01
40,1,22,298,2002,0.01
40,1,22,298,2003,0.01
40,1,22,298,2004,0.01
40,1,22,298,2005,0.01
40,1,22,298,2006,0.01
40,1,22,298,2007,0.01
40,1,22,298,2008,0.01
40,1,22,298,2009,0.01
40,1,22,298,2010,0.01
40,1,22,298,2011,0.01
40,1,22,298,2012,0.01
40,1,22,298,2013,0.01
40,1,22,298,2014,0.01
40,1,22,298,2015,0.01
40,1,22,298,2016,0.01
40,2,22,298,1990,0
40,2,22,298,1991,0.01
40,2,22,298,1992,0
40,2,22,298,1993,0.01
40,2,22,298,1994,0
40,2,22,298,1995,0
40,2,22,298,1996,0
40,2,22,298,1997,0.01
40,2,22,298,1998,0.01
40,2,22,298,1999,0.01
40,2,22,298,2000,0.01
40,2,22,298,2001,0.01
40,2,22,298,2002,0.01
40,2,22,298,2003,0.01
40,2,22,298,2004,0.01
40,2,22,298,2005,0.01
40,2,22,298,2006,0.01
40,2,22,298,2007,0.01
40,2,22,298,2008,0.01
40,2,22,298,2009,0.01
40,2,22,298,2010,0.01
40,2,22,298,2011,0.01
40,2,22,298,2012,0.01
40,2,22,298,2013,0.01
40,2,22,298,2014,0.01
40,2,22,298,2015,0.01
40,2,22,298,2016,0.01
40,3,22,298,1990,0
40,3,22,298,1991,0
40,3,22,298,1992,0
40,3,22,298,1993,0.01
40,3,22,298,1994,0.01
40,3,22,298,1995,0.01
40,3,22,298,1996,0.01
40,3,22,298,1997,0.01
40,3,22,298,1998,0.01
40,3,22,298,1999,0.01
40,3,22,298,2000,0.01
40,3,22,298,2001,0.01
40,3,22,298,2002,0.01
40,3,22,298,2003,0.01
40,3,22,298,2004,0.01
40,3,22,298,2005,0.01
40,3,22,298,2006,0.01
40,3,22,298,2007,0.01
40,3,22,298,2008,0.01
40,3,22,298,2009,0.01
40,3,22,298,2010,0.01
40,3,22,298,2011,0.01
40,3,22,298,2012,0.01
40,3,22,298,2013,0.01
40,3,22,298,2014,0.01
40,3,22,298,2015,0.01
40,3,22,298,2016,0.01
41,1,22,298,1990,0
41,1,22,298,1991,0
41,1,22,298,1992,0
41,1,22,298,1993,0
41,1,22,298,1994,0
41,1,22,298,1995,0
41,1,22,298,1996,0
41,1,22,298,1997,0
41,1,22,298,1998,0
41,1,22,298,1999,0.01
41,1,22,298,2000,0.01
41,1,22,298,2001,0.01
41,1,22,298,2002,0.01
41,1,22,298,2003,0.01
41,1,22,298,2004,0
41,1,22,298,2005,0
41,1,22,298,2006,0.01
41,1,22,298,2007,0.01
41,1,22,298,2008,0.01
41,1,22,298,2009,0.01
41,1,22,298,2010,0.01
41,1,22,298,2011,0.01
41,1,22,298,2012,0.01
41,1,22,298,2013,0.01
41,1,22,298,2014,0.01
41,1,22,298,2015,0.01
41,1,22,298,2016,0.01
41,2,22,298,1990,0
41,2,22,298,1991,0
41,2,22,298,1992,0
41,2,22,298,1993,0
41,2,22,298,1994,0
41,2,22,298,1995,0
41,2,22,298,1996,0
41,2,22,298,1997,0
41,2,22,298,1998,0
41,2,22,298,1999,0
41,2,22,298,2000,0
41,2,22,298,2001,0
41,2,22,298,2002,0
41,2,22,298,2003,0
41,2,22,298,2004,0
41,2,22,298,2005,0
41,2,22,298,2006,0
41,2,22,298,2007,0
41,2,22,298,2008,0
41,2,22,298,2009,0
41,2,22,298,2010,0
41,2,22,298,2011,0
41,2,22,298,2012,0
41,2,22,298,2013,0
41,2,22,298,2014,0
41,2,22,298,2015,0
41,2,22,298,2016,0
41,3,22,298,1990,0
41,3,22,298,1991,0
41,3,22,298,1992,0
41,3,22,298,1993,0
41,3,22,298,1994,0
41,3,22,298,1995,0
41,3,22,298,1996,0
41,3,22,298,1997,0
41,3,22,298,1998,0
41,3,22,298,1999,0
41,3,22,298,2000,0.01
41,3,22,298,2001,0.01
41,3,22,298,2002,0
41,3,22,298,2003,0
41,3,22,298,2004,0
41,3,22,298,2005,0
41,3,22,298,2006,0
41,3,22,298,2007,0
41,3,22,298,2008,0
41,3,22,298,2009,0
41,3,22,298,2010,0
41,3,22,298,2011,0
41,3,22,298,2012,0
41,3,22,298,2013,0
41,3,22,298,2014,0
41,3,22,298,2015,0
41,3,22,298,2016,0
43,1,22,298,1990,0
43,1,22,298,1991,0
43,1,22,298,1992,0
43,1,22,298,1993,0
43,1,22,298,1994,0
43,1,22,298,1995,0
43,1,22,298,1996,0
43,1,22,298,1997,0
43,1,22,298,1998,0
43,1,22,298,1999,0
43,1,22,298,2000,0
43,1,22,298,2001,0
43,1,22,298,2002,0
43,1,22,298,2003,0
43,1,22,298,2004,0
43,1,22,298,2005,0
43,1,22,298,2006,0
43,1,22,298,2007,0
43,1,22,298,2008,0
43,1,22,298,2009,0
43,1,22,298,2010,0
43,1,22,298,2011,0
43,1,22,298,2012,0
43,1,22,298,2013,0
43,1,22,298,2014,0
43,1,22,298,2015,0
43,1,22,298,2016,0
43,2,22,298,1990,0
43,2,22,298,1991,0
43,2,22,298,1992,0
43,2,22,298,1993,0
43,2,22,298,1994,0
43,2,22,298,1995,0
43,2,22,298,1996,0
43,2,22,298,1997,0
43,2,22,298,1998,0
43,2,22,298,1999,0
43,2,22,298,2000,0
43,2,22,298,2001,0
43,2,22,298,2002,0
43,2,22,298,2003,0
43,2,22,298,2004,0
43,2,22,298,2005,0
43,2,22,298,2006,0
43,2,22,298,2007,0
43,2,22,298,2008,0
43,2,22,298,2009,0
43,2,22,298,2010,0
43,2,22,298,2011,0
43,2,22,298,2012,0
43,2,22,298,2013,0
43,2,22,298,2014,0
43,2,22,298,2015,0
43,2,22,298,2016,0
43,3,22,298,1990,0
43,3,22,298,1991,0
43,3,22,298,1992,0
43,3,22,298,1993,0
43,3,22,298,1994,0
43,3,22,298,1995,0
43,3,22,298,1996,0
43,3,22,298,1997,0
43,3,22,298,1998,0
43,3,22,298,1999,0
43,3,22,298,2000,0
43,3,22,298,2001,0
43,3,22,298,2002,0
43,3,22,298,2003,0
43,3,22,298,2004,0
43,3,22,298,2005,0
43,3,22,298,2006,0
43,3,22,298,2007,0
43,3,22,298,2008,0
43,3,22,298,2009,0
43,3,22,298,2010,0
43,3,22,298,2011,0
43,3,22,298,2012,0
43,3,22,298,2013,0
43,3,22,298,2014,0
43,3,22,298,2015,0
43,3,22,298,2016,0
44,1,22,298,1990,0
44,1,22,298,1991,0
44,1,22,298,1992,0
44,1,22,298,1993,0
44,1,22,298,1994,0
44,1,22,298,1995,0
44,1,22,298,1996,0
44,1,22,298,1997,0
44,1,22,298,1998,0
44,1,22,298,1999,0
44,1,22,298,2000,0
44,1,22,298,2001,0
44,1,22,298,2002,0
44,1,22,298,2003,0
44,1,22,298,2004,0
44,1,22,298,2005,0
44,1,22,298,2006,0
44,1,22,298,2007,0
44,1,22,298,2008,0
44,1,22,298,2009,0
44,1,22,298,2010,0
44,1,22,298,2011,0
44,1,22,298,2012,0
44,1,22,298,2013,0
44,1,22,298,2014,0
44,1,22,298,2015,0
44,1,22,298,2016,0
44,2,22,298,1990,0
44,2,22,298,1991,0
44,2,22,298,1992,0
44,2,22,298,1993,0
44,2,22,298,1994,0
44,2,22,298,1995,0
44,2,22,298,1996,0
44,2,22,298,1997,0
44,2,22,298,1998,0
44,2,22,298,1999,0
44,2,22,298,2000,0
44,2,22,298,2001,0
44,2,22,298,2002,0
44,2,22,298,2003,0
44,2,22,298,2004,0
44,2,22,298,2005,0
44,2,22,298,2006,0
44,2,22,298,2007,0
44,2,22,298,2008,0
44,2,22,298,2009,0
44,2,22,298,2010,0
44,2,22,298,2011,0
44,2,22,298,2012,0
44,2,22,298,2013,0
44,2,22,298,2014,0
44,2,22,298,2015,0
44,2,22,298,2016,0
44,3,22,298,1990,0
44,3,22,298,1991,0
44,3,22,298,1992,0
44,3,22,298,1993,0
44,3,22,298,1994,0
44,3,22,298,1995,0
44,3,22,298,1996,0
44,3,22,298,1997,0
44,3,22,298,1998,0
44,3,22,298,1999,0
44,3,22,298,2000,0
44,3,22,298,2001,0
44,3,22,298,2002,0
44,3,22,298,2003,0
44,3,22,298,2004,0
44,3,22,298,2005,0
44,3,22,298,2006,0
44,3,22,298,2007,0
44,3,22,298,2008,0
44,3,22,298,2009,0
44,3,22,298,2010,0
44,3,22,298,2011,0
44,3,22,298,2012,0
44,3,22,298,2013,0
44,3,22,298,2014,0
44,3,22,298,2015,0
44,3,22,298,2016,0
45,1,22,298,1990,0
45,1,22,298,1991,0
45,1,22,298,1992,0
45,1,22,298,1993,0
45,1,22,298,1994,0
45,1,22,298,1995,0
45,1,22,298,1996,0
45,1,22,298,1997,0
45,1,22,298,1998,0
45,1,22,298,1999,0
45,1,22,298,2000,0
45,1,22,298,2001,0
45,1,22,298,2002,0
45,1,22,298,2003,0
45,1,22,298,2004,0
45,1,22,298,2005,0
45,1,22,298,2006,0
45,1,22,298,2007,0
45,1,22,298,2008,0
45,1,22,298,2009,0
45,1,22,298,2010,0
45,1,22,298,2011,0
45,1,22,298,2012,0
45,1,22,298,2013,0
45,1,22,298,2014,0
45,1,22,298,2015,0
45,1,22,298,2016,0
45,2,22,298,1990,0
45,2,22,298,1991,0
45,2,22,298,1992,0
45,2,22,298,1993,0
45,2,22,298,1994,0
45,2,22,298,1995,0
45,2,22,298,1996,0
45,2,22,298,1997,0
45,2,22,298,1998,0
45,2,22,298,1999,0
45,2,22,298,2000,0
45,2,22,298,2001,0
45,2,22,298,2002,0
45,2,22,298,2003,0
45,2,22,298,2004,0
45,2,22,298,2005,0
45,2,22,298,2006,0
45,2,22,298,2007,0
45,2,22,298,2008,0
45,2,22,298,2009,0
45,2,22,298,2010,0
45,2,22,298,2011,0
45,2,22,298,2012,0
45,2,22,298,2013,0
45,2,22,298,2014,0
45,2,22,298,2015,0
45,2,22,298,2016,0
45,3,22,298,1990,0
45,3,22,298,1991,0
45,3,22,298,1992,0
45,3,22,298,1993,0
45,3,22,298,1994,0
45,3,22,298,1995,0
45,3,22,298,1996,0
45,3,22,298,1997,0
45,3,22,298,1998,0
45,3,22,298,1999,0
45,3,22,298,2000,0
45,3,22,298,2001,0
45,3,22,298,2002,0
45,3,22,298,2003,0
45,3,22,298,2004,0
45,3,22,298,2005,0
45,3,22,298,2006,0
45,3,22,298,2007,0
45,3,22,298,2008,0
45,3,22,298,2009,0
45,3,22,298,2010,0
45,3,22,298,2011,0
45,3,22,298,2012,0
45,3,22,298,2013,0
45,3,22,298,2014,0
45,3,22,298,2015,0
45,3,22,298,2016,0
46,1,22,298,1990,0
46,1,22,298,1991,0
46,1,22,298,1992,0
46,1,22,298,1993,0
46,1,22,298,1994,0
46,1,22,298,1995,0
46,1,22,298,1996,0
46,1,22,298,1997,0
46,1,22,298,1998,0
46,1,22,298,1999,0
46,1,22,298,2000,0
46,1,22,298,2001,0
46,1,22,298,2002,0
46,1,22,298,2003,0
46,1,22,298,2004,0
46,1,22,298,2005,0
46,1,22,298,2006,0
46,1,22,298,2007,0
46,1,22,298,2008,0
46,1,22,298,2009,0
46,1,22,298,2010,0
46,1,22,298,2011,0
46,1,22,298,2012,0
46,1,22,298,2013,0
46,1,22,298,2014,0
46,1,22,298,2015,0
46,1,22,298,2016,0
46,2,22,298,1990,0
46,2,22,298,1991,0
46,2,22,298,1992,0
46,2,22,298,1993,0
46,2,22,298,1994,0
46,2,22,298,1995,0
46,2,22,298,1996,0
46,2,22,298,1997,0
46,2,22,298,1998,0
46,2,22,298,1999,0
46,2,22,298,2000,0
46,2,22,298,2001,0
46,2,22,298,2002,0
46,2,22,298,2003,0
46,2,22,298,2004,0
46,2,22,298,2005,0
46,2,22,298,2006,0
46,2,22,298,2007,0
46,2,22,298,2008,0
46,2,22,298,2009,0
46,2,22,298,2010,0
46,2,22,298,2011,0
46,2,22,298,2012,0
46,2,22,298,2013,0
46,2,22,298,2014,0
46,2,22,298,2015,0
46,2,22,298,2016,0
46,3,22,298,1990,0
46,3,22,298,1991,0
46,3,22,298,1992,0
46,3,22,298,1993,0
46,3,22,298,1994,0
46,3,22,298,1995,0
46,3,22,298,1996,0
46,3,22,298,1997,0
46,3,22,298,1998,0
46,3,22,298,1999,0
46,3,22,298,2000,0
46,3,22,298,2001,0
46,3,22,298,2002,0
46,3,22,298,2003,0
46,3,22,298,2004,0
46,3,22,298,2005,0
46,3,22,298,2006,0
46,3,22,298,2007,0
46,3,22,298,2008,0
46,3,22,298,2009,0
46,3,22,298,2010,0
46,3,22,298,2011,0
46,3,22,298,2012,0
46,3,22,298,2013,0
46,3,22,298,2014,0
46,3,22,298,2015,0
46,3,22,298,2016,0
47,1,22,298,1990,0
47,1,22,298,1991,0
47,1,22,298,1992,0
47,1,22,298,1993,0
47,1,22,298,1994,0
47,1,22,298,1995,0
47,1,22,298,1996,0
47,1,22,298,1997,0
47,1,22,298,1998,0
47,1,22,298,1999,0
47,1,22,298,2000,0
47,1,22,298,2001,0
47,1,22,298,2002,0
47,1,22,298,2003,0
47,1,22,298,2004,0
47,1,22,298,2005,0
47,1,22,298,2006,0
47,1,22,298,2007,0
47,1,22,298,2008,0
47,1,22,298,2009,0
47,1,22,298,2010,0
47,1,22,298,2011,0
47,1,22,298,2012,0
47,1,22,298,2013,0
47,1,22,298,2014,0
47,1,22,298,2015,0
47,1,22,298,2016,0
47,2,22,298,1990,0
47,2,22,298,1991,0
47,2,22,298,1992,0
47,2,22,298,1993,0
47,2,22,298,1994,0
47,2,22,298,1995,0
47,2,22,298,1996,0
47,2,22,298,1997,0
47,2,22,298,1998,0
47,2,22,298,1999,0
47,2,22,298,2000,0
47,2,22,298,2001,0
47,2,22,298,2002,0
47,2,22,298,2003,0
47,2,22,298,2004,0
47,2,22,298,2005,0
47,2,22,298,2006,0
47,2,22,298,2007,0
47,2,22,298,2008,0
47,2,22,298,2009,0
47,2,22,298,2010,0
47,2,22,298,2011,0
47,2,22,298,2012,0
47,2,22,298,2013,0
47,2,22,298,2014,0
47,2,22,298,2015,0
47,2,22,298,2016,0
47,3,22,298,1990,0
47,3,22,298,1991,0
47,3,22,298,1992,0
47,3,22,298,1993,0
47,3,22,298,1994,0
47,3,22,298,1995,0
47,3,22,298,1996,0
47,3,22,298,1997,0
47,3,22,298,1998,0
47,3,22,298,1999,0
47,3,22,298,2000,0
47,3,22,298,2001,0
47,3,22,298,2002,0
47,3,22,298,2003,0
47,3,22,298,2004,0
47,3,22,298,2005,0
47,3,22,298,2006,0
47,3,22,298,2007,0
47,3,22,298,2008,0
47,3,22,298,2009,0
47,3,22,298,2010,0
47,3,22,298,2011,0
47,3,22,298,2012,0
47,3,22,298,2013,0
47,3,22,298,2014,0
47,3,22,298,2015,0
47,3,22,298,2016,0
48,1,22,298,1990,0
48,1,22,298,1991,0
48,1,22,298,1992,0
48,1,22,298,1993,0
48,1,22,298,1994,0
48,1,22,298,1995,0
48,1,22,298,1996,0
48,1,22,298,1997,0
48,1,22,298,1998,0
48,1,22,298,1999,0
48,1,22,298,2000,0
48,1,22,298,2001,0
48,1,22,298,2002,0
48,1,22,298,2003,0
48,1,22,298,2004,0
48,1,22,298,2005,0
48,1,22,298,2006,0
48,1,22,298,2007,0
48,1,22,298,2008,0
48,1,22,298,2009,0
48,1,22,298,2010,0
48,1,22,298,2011,0
48,1,22,298,2012,0
48,1,22,298,2013,0
48,1,22,298,2014,0
48,1,22,298,2015,0
48,1,22,298,2016,0
48,2,22,298,1990,0
48,2,22,298,1991,0
48,2,22,298,1992,0
48,2,22,298,1993,0
48,2,22,298,1994,0
48,2,22,298,1995,0
48,2,22,298,1996,0
48,2,22,298,1997,0
48,2,22,298,1998,0
48,2,22,298,1999,0
48,2,22,298,2000,0
48,2,22,298,2001,0
48,2,22,298,2002,0
48,2,22,298,2003,0
48,2,22,298,2004,0
48,2,22,298,2005,0
48,2,22,298,2006,0
48,2,22,298,2007,0
48,2,22,298,2008,0
48,2,22,298,2009,0
48,2,22,298,2010,0
48,2,22,298,2011,0
48,2,22,298,2012,0
48,2,22,298,2013,0
48,2,22,298,2014,0
48,2,22,298,2015,0
48,2,22,298,2016,0
48,3,22,298,1990,0
48,3,22,298,1991,0
48,3,22,298,1992,0
48,3,22,298,1993,0
48,3,22,298,1994,0
48,3,22,298,1995,0
48,3,22,298,1996,0
48,3,22,298,1997,0
48,3,22,298,1998,0
48,3,22,298,1999,0
48,3,22,298,2000,0
48,3,22,298,2001,0
48,3,22,298,2002,0
48,3,22,298,2003,0
48,3,22,298,2004,0
48,3,22,298,2005,0
48,3,22,298,2006,0
48,3,22,298,2007,0
48,3,22,298,2008,0
48,3,22,298,2009,0
48,3,22,298,2010,0
48,3,22,298,2011,0
48,3,22,298,2012,0
48,3,22,298,2013,0
48,3,22,298,2014,0
48,3,22,298,2015,0
48,3,22,298,2016,0
49,1,22,298,1990,0
49,1,22,298,1991,0
49,1,22,298,1992,0
49,1,22,298,1993,0
49,1,22,298,1994,0
49,1,22,298,1995,0
49,1,22,298,1996,0
49,1,22,298,1997,0
49,1,22,298,1998,0
49,1,22,298,1999,0
49,1,22,298,2000,0
49,1,22,298,2001,0
49,1,22,298,2002,0
49,1,22,298,2003,0
49,1,22,298,2004,0
49,1,22,298,2005,0
49,1,22,298,2006,0
49,1,22,298,2007,0
49,1,22,298,2008,0
49,1,22,298,2009,0
49,1,22,298,2010,0
49,1,22,298,2011,0
49,1,22,298,2012,0
49,1,22,298,2013,0
49,1,22,298,2014,0
49,1,22,298,2015,0
49,1,22,298,2016,0
49,2,22,298,1990,0
49,2,22,298,1991,0
49,2,22,298,1992,0
49,2,22,298,1993,0
49,2,22,298,1994,0
49,2,22,298,1995,0
49,2,22,298,1996,0
49,2,22,298,1997,0
49,2,22,298,1998,0
49,2,22,298,1999,0
49,2,22,298,2000,0
49,2,22,298,2001,0
49,2,22,298,2002,0
49,2,22,298,2003,0
49,2,22,298,2004,0
49,2,22,298,2005,0
49,2,22,298,2006,0
49,2,22,298,2007,0
49,2,22,298,2008,0
49,2,22,298,2009,0
49,2,22,298,2010,0
49,2,22,298,2011,0
49,2,22,298,2012,0
49,2,22,298,2013,0
49,2,22,298,2014,0
49,2,22,298,2015,0
49,2,22,298,2016,0
49,3,22,298,1990,0
49,3,22,298,1991,0
49,3,22,298,1992,0
49,3,22,298,1993,0
49,3,22,298,1994,0
49,3,22,298,1995,0
49,3,22,298,1996,0
49,3,22,298,1997,0
49,3,22,298,1998,0
49,3,22,298,1999,0
49,3,22,298,2000,0
49,3,22,298,2001,0
49,3,22,298,2002,0
49,3,22,298,2003,0
49,3,22,298,2004,0
49,3,22,298,2005,0
49,3,22,298,2006,0
49,3,22,298,2007,0
49,3,22,298,2008,0
49,3,22,298,2009,0
49,3,22,298,2010,0
49,3,22,298,2011,0
49,3,22,298,2012,0
49,3,22,298,2013,0
49,3,22,298,2014,0
49,3,22,298,2015,0
49,3,22,298,2016,0
50,1,22,298,1990,0
50,1,22,298,1991,0
50,1,22,298,1992,0
50,1,22,298,1993,0
50,1,22,298,1994,0
50,1,22,298,1995,0
50,1,22,298,1996,0
50,1,22,298,1997,0
50,1,22,298,1998,0
50,1,22,298,1999,0
50,1,22,298,2000,0
50,1,22,298,2001,0
50,1,22,298,2002,0
50,1,22,298,2003,0
50,1,22,298,2004,0
50,1,22,298,2005,0
50,1,22,298,2006,0
50,1,22,298,2007,0
50,1,22,298,2008,0
50,1,22,298,2009,0
50,1,22,298,2010,0
50,1,22,298,2011,0
50,1,22,298,2012,0
50,1,22,298,2013,0
50,1,22,298,2014,0
50,1,22,298,2015,0
50,1,22,298,2016,0
50,2,22,298,1990,0
50,2,22,298,1991,0
50,2,22,298,1992,0
50,2,22,298,1993,0
50,2,22,298,1994,0
50,2,22,298,1995,0
50,2,22,298,1996,0
50,2,22,298,1997,0
50,2,22,298,1998,0
50,2,22,298,1999,0
50,2,22,298,2000,0
50,2,22,298,2001,0
50,2,22,298,2002,0
50,2,22,298,2003,0
50,2,22,298,2004,0
50,2,22,298,2005,0
50,2,22,298,2006,0
50,2,22,298,2007,0
50,2,22,298,2008,0
50,2,22,298,2009,0
50,2,22,298,2010,0
50,2,22,298,2011,0
50,2,22,298,2012,0
50,2,22,298,2013,0
50,2,22,298,2014,0
50,2,22,298,2015,0
50,2,22,298,2016,0
50,3,22,298,1990,0
50,3,22,298,1991,0
50,3,22,298,1992,0
50,3,22,298,1993,0
50,3,22,298,1994,0
50,3,22,298,1995,0
50,3,22,298,1996,0
50,3,22,298,1997,0
50,3,22,298,1998,0
50,3,22,298,1999,0
50,3,22,298,2000,0
50,3,22,298,2001,0
50,3,22,298,2002,0
50,3,22,298,2003,0
50,3,22,298,2004,0
50,3,22,298,2005,0
50,3,22,298,2006,0
50,3,22,298,2007,0
50,3,22,298,2008,0
50,3,22,298,2009,0
50,3,22,298,2010,0
50,3,22,298,2011,0
50,3,22,298,2012,0
50,3,22,298,2013,0
50,3,22,298,2014,0
50,3,22,298,2015,0
50,3,22,298,2016,0
51,1,22,298,1990,0
51,1,22,298,1991,0
51,1,22,298,1992,0
51,1,22,298,1993,0
51,1,22,298,1994,0
51,1,22,298,1995,0
51,1,22,298,1996,0
51,1,22,298,1997,0
51,1,22,298,1998,0
51,1,22,298,1999,0
51,1,22,298,2000,0
51,1,22,298,2001,0
51,1,22,298,2002,0
51,1,22,298,2003,0
51,1,22,298,2004,0
51,1,22,298,2005,0
51,1,22,298,2006,0
51,1,22,298,2007,0
51,1,22,298,2008,0
51,1,22,298,2009,0
51,1,22,298,2010,0
51,1,22,298,2011,0
51,1,22,298,2012,0
51,1,22,298,2013,0
51,1,22,298,2014,0
51,1,22,298,2015,0
51,1,22,298,2016,0
51,2,22,298,1990,0
51,2,22,298,1991,0
51,2,22,298,1992,0
51,2,22,298,1993,0
51,2,22,298,1994,0
51,2,22,298,1995,0
51,2,22,298,1996,0
51,2,22,298,1997,0
51,2,22,298,1998,0
51,2,22,298,1999,0
51,2,22,298,2000,0
51,2,22,298,2001,0
51,2,22,298,2002,0
51,2,22,298,2003,0
51,2,22,298,2004,0
51,2,22,298,2005,0
51,2,22,298,2006,0
51,2,22,298,2007,0
51,2,22,298,2008,0
51,2,22,298,2009,0
51,2,22,298,2010,0
51,2,22,298,2011,0
51,2,22,298,2012,0
51,2,22,298,2013,0
51,2,22,298,2014,0
51,2,22,298,2015,0
51,2,22,298,2016,0
51,3,22,298,1990,0
51,3,22,298,1991,0
51,3,22,298,1992,0
51,3,22,298,1993,0
51,3,22,298,1994,0
51,3,22,298,1995,0
51,3,22,298,1996,0
51,3,22,298,1997,0
51,3,22,298,1998,0
51,3,22,298,1999,0
51,3,22,298,2000,0
51,3,22,298,2001,0
51,3,22,298,2002,0
51,3,22,298,2003,0
51,3,22,298,2004,0
51,3,22,298,2005,0
51,3,22,298,2006,0
51,3,22,298,2007,0
51,3,22,298,2008,0
51,3,22,298,2009,0
51,3,22,298,2010,0
51,3,22,298,2011,0
51,3,22,298,2012,0
51,3,22,298,2013,0
51,3,22,298,2014,0
51,3,22,298,2015,0
51,3,22,298,2016,0
52,1,22,298,1990,0
52,1,22,298,1991,0
52,1,22,298,1992,0
52,1,22,298,1993,0
52,1,22,298,1994,0
52,1,22,298,1995,0
52,1,22,298,1996,0
52,1,22,298,1997,0.01
52,1,22,298,1998,0.01
52,1,22,298,1999,0.01
52,1,22,298,2000,0
52,1,22,298,2001,0
52,1,22,298,2002,0
52,1,22,298,2003,0
52,1,22,298,2004,0
52,1,22,298,2005,0
52,1,22,298,2006,0
52,1,22,298,2007,0
52,1,22,298,2008,0
52,1,22,298,2009,0
52,1,22,298,2010,0
52,1,22,298,2011,0
52,1,22,298,2012,0
52,1,22,298,2013,0
52,1,22,298,2014,0
52,1,22,298,2015,0
52,1,22,298,2016,0
52,2,22,298,1990,0
52,2,22,298,1991,0
52,2,22,298,1992,0
52,2,22,298,1993,0
52,2,22,298,1994,0
52,2,22,298,1995,0
52,2,22,298,1996,0.01
52,2,22,298,1997,0.01
52,2,22,298,1998,0.01
52,2,22,298,1999,0.01
52,2,22,298,2000,0.01
52,2,22,298,2001,0.01
52,2,22,298,2002,0
52,2,22,298,2003,0
52,2,22,298,2004,0
52,2,22,298,2005,0
52,2,22,298,2006,0
52,2,22,298,2007,0
52,2,22,298,2008,0
52,2,22,298,2009,0
52,2,22,298,2010,0
52,2,22,298,2011,0
52,2,22,298,2012,0
52,2,22,298,2013,0
52,2,22,298,2014,0
52,2,22,298,2015,0
52,2,22,298,2016,0
52,3,22,298,1990,0
52,3,22,298,1991,0
52,3,22,298,1992,0
52,3,22,298,1993,0
52,3,22,298,1994,0
52,3,22,298,1995,0
52,3,22,298,1996,0
52,3,22,298,1997,0.01
52,3,22,298,1998,0.01
52,3,22,298,1999,0.01
52,3,22,298,2000,0.01
52,3,22,298,2001,0.01
52,3,22,298,2002,0
52,3,22,298,2003,0
52,3,22,298,2004,0
52,3,22,298,2005,0
52,3,22,298,2006,0
52,3,22,298,2007,0
52,3,22,298,2008,0
52,3,22,298,2009,0
52,3,22,298,2010,0
52,3,22,298,2011,0
52,3,22,298,2012,0
52,3,22,298,2013,0
52,3,22,298,2014,0
52,3,22,298,2015,0
52,3,22,298,2016,0
53,1,22,298,1990,0
53,1,22,298,1991,0
53,1,22,298,1992,0
53,1,22,298,1993,0
53,1,22,298,1994,0
53,1,22,298,1995,0
53,1,22,298,1996,0
53,1,22,298,1997,0
53,1,22,298,1998,0
53,1,22,298,1999,0
53,1,22,298,2000,0
53,1,22,298,2001,0
53,1,22,298,2002,0
53,1,22,298,2003,0
53,1,22,298,2004,0
53,1,22,298,2005,0
53,1,22,298,2006,0
53,1,22,298,2007,0
53,1,22,298,2008,0
53,1,22,298,2009,0
53,1,22,298,2010,0
53,1,22,298,2011,0
53,1,22,298,2012,0
53,1,22,298,2013,0
53,1,22,298,2014,0
53,1,22,298,2015,0
53,1,22,298,2016,0
53,2,22,298,1990,0
53,2,22,298,1991,0
53,2,22,298,1992,0
53,2,22,298,1993,0
53,2,22,298,1994,0
53,2,22,298,1995,0
53,2,22,298,1996,0
53,2,22,298,1997,0
53,2,22,298,1998,0
53,2,22,298,1999,0
53,2,22,298,2000,0
53,2,22,298,2001,0
53,2,22,298,2002,0
53,2,22,298,2003,0
53,2,22,298,2004,0
53,2,22,298,2005,0
53,2,22,298,2006,0
53,2,22,298,2007,0
53,2,22,298,2008,0
53,2,22,298,2009,0
53,2,22,298,2010,0
53,2,22,298,2011,0
53,2,22,298,2012,0
53,2,22,298,2013,0
53,2,22,298,2014,0
53,2,22,298,2015,0
53,2,22,298,2016,0
53,3,22,298,1990,0
53,3,22,298,1991,0
53,3,22,298,1992,0
53,3,22,298,1993,0
53,3,22,298,1994,0
53,3,22,298,1995,0
53,3,22,298,1996,0
53,3,22,298,1997,0
53,3,22,298,1998,0
53,3,22,298,1999,0
53,3,22,298,2000,0
53,3,22,298,2001,0
53,3,22,298,2002,0
53,3,22,298,2003,0
53,3,22,298,2004,0
53,3,22,298,2005,0
53,3,22,298,2006,0
53,3,22,298,2007,0
53,3,22,298,2008,0
53,3,22,298,2009,0
53,3,22,298,2010,0
53,3,22,298,2011,0
53,3,22,298,2012,0
53,3,22,298,2013,0
53,3,22,298,2014,0
53,3,22,298,2015,0
53,3,22,298,2016,0
54,1,22,298,1990,0
54,1,22,298,1991,0
54,1,22,298,1992,0
54,1,22,298,1993,0
54,1,22,298,1994,0
54,1,22,298,1995,0
54,1,22,298,1996,0
54,1,22,298,1997,0
54,1,22,298,1998,0
54,1,22,298,1999,0
54,1,22,298,2000,0
54,1,22,298,2001,0
54,1,22,298,2002,0
54,1,22,298,2003,0
54,1,22,298,2004,0
54,1,22,298,2005,0
54,1,22,298,2006,0
54,1,22,298,2007,0
54,1,22,298,2008,0
54,1,22,298,2009,0
54,1,22,298,2010,0
54,1,22,298,2011,0
54,1,22,298,2012,0
54,1,22,298,2013,0
54,1,22,298,2014,0
54,1,22,298,2015,0
54,1,22,298,2016,0
54,2,22,298,1990,0
54,2,22,298,1991,0
54,2,22,298,1992,0
54,2,22,298,1993,0
54,2,22,298,1994,0
54,2,22,298,1995,0
54,2,22,298,1996,0
54,2,22,298,1997,0
54,2,22,298,1998,0
54,2,22,298,1999,0
54,2,22,298,2000,0
54,2,22,298,2001,0
54,2,22,298,2002,0
54,2,22,298,2003,0
54,2,22,298,2004,0
54,2,22,298,2005,0
54,2,22,298,2006,0
54,2,22,298,2007,0
54,2,22,298,2008,0
54,2,22,298,2009,0
54,2,22,298,2010,0
54,2,22,298,2011,0
54,2,22,298,2012,0
54,2,22,298,2013,0
54,2,22,298,2014,0
54,2,22,298,2015,0
54,2,22,298,2016,0
54,3,22,298,1990,0
54,3,22,298,1991,0
54,3,22,298,1992,0
54,3,22,298,1993,0
54,3,22,298,1994,0
54,3,22,298,1995,0
54,3,22,298,1996,0
54,3,22,298,1997,0
54,3,22,298,1998,0
54,3,22,298,1999,0
54,3,22,298,2000,0
54,3,22,298,2001,0
54,3,22,298,2002,0
54,3,22,298,2003,0
54,3,22,298,2004,0
54,3,22,298,2005,0
54,3,22,298,2006,0
54,3,22,298,2007,0
54,3,22,298,2008,0
54,3,22,298,2009,0
54,3,22,298,2010,0
54,3,22,298,2011,0
54,3,22,298,2012,0
54,3,22,298,2013,0
54,3,22,298,2014,0
54,3,22,298,2015,0
54,3,22,298,2016,0
55,1,22,298,1990,0
55,1,22,298,1991,0
55,1,22,298,1992,0
55,1,22,298,1993,0
55,1,22,298,1994,0
55,1,22,298,1995,0
55,1,22,298,1996,0
55,1,22,298,1997,0
55,1,22,298,1998,0
55,1,22,298,1999,0
55,1,22,298,2000,0
55,1,22,298,2001,0
55,1,22,298,2002,0
55,1,22,298,2003,0
55,1,22,298,2004,0
55,1,22,298,2005,0
55,1,22,298,2006,0
55,1,22,298,2007,0
55,1,22,298,2008,0
55,1,22,298,2009,0
55,1,22,298,2010,0
55,1,22,298,2011,0
55,1,22,298,2012,0
55,1,22,298,2013,0
55,1,22,298,2014,0
55,1,22,298,2015,0
55,1,22,298,2016,0
55,2,22,298,1990,0
55,2,22,298,1991,0
55,2,22,298,1992,0
55,2,22,298,1993,0
55,2,22,298,1994,0
55,2,22,298,1995,0
55,2,22,298,1996,0
55,2,22,298,1997,0
55,2,22,298,1998,0
55,2,22,298,1999,0
55,2,22,298,2000,0
55,2,22,298,2001,0
55,2,22,298,2002,0
55,2,22,298,2003,0
55,2,22,298,2004,0
55,2,22,298,2005,0
55,2,22,298,2006,0
55,2,22,298,2007,0
55,2,22,298,2008,0
55,2,22,298,2009,0
55,2,22,298,2010,0
55,2,22,298,2011,0
55,2,22,298,2012,0
55,2,22,298,2013,0
55,2,22,298,2014,0
55,2,22,298,2015,0
55,2,22,298,2016,0
55,3,22,298,1990,0
55,3,22,298,1991,0
55,3,22,298,1992,0
55,3,22,298,1993,0
55,3,22,298,1994,0
55,3,22,298,1995,0
55,3,22,298,1996,0
55,3,22,298,1997,0
55,3,22,298,1998,0
55,3,22,298,1999,0
55,3,22,298,2000,0
55,3,22,298,2001,0
55,3,22,298,2002,0
55,3,22,298,2003,0
55,3,22,298,2004,0
55,3,22,298,2005,0
55,3,22,298,2006,0
55,3,22,298,2007,0
55,3,22,298,2008,0
55,3,22,298,2009,0
55,3,22,298,2010,0
55,3,22,298,2011,0
55,3,22,298,2012,0
55,3,22,298,2013,0
55,3,22,298,2014,0
55,3,22,298,2015,0
55,3,22,298,2016,0
57,1,22,298,1990,0
57,1,22,298,1991,0
57,1,22,298,1992,0
57,1,22,298,1993,0
57,1,22,298,1994,0
57,1,22,298,1995,0
57,1,22,298,1996,0
57,1,22,298,1997,0
57,1,22,298,1998,0
57,1,22,298,1999,0
57,1,22,298,2000,0
57,1,22,298,2001,0
57,1,22,298,2002,0
57,1,22,298,2003,0.01
57,1,22,298,2004,0.01
57,1,22,298,2005,0.01
57,1,22,298,2006,0.01
57,1,22,298,2007,0.01
57,1,22,298,2008,0.01
57,1,22,298,2009,0.01
57,1,22,298,2010,0.01
57,1,22,298,2011,0.01
57,1,22,298,2012,0.01
57,1,22,298,2013,0.01
57,1,22,298,2014,0.01
57,1,22,298,2015,0.01
57,1,22,298,2016,0.01
57,2,22,298,1990,0
57,2,22,298,1991,0
57,2,22,298,1992,0
57,2,22,298,1993,0
57,2,22,298,1994,0
57,2,22,298,1995,0
57,2,22,298,1996,0
57,2,22,298,1997,0
57,2,22,298,1998,0
57,2,22,298,1999,0
57,2,22,298,2000,0
57,2,22,298,2001,0
57,2,22,298,2002,0
57,2,22,298,2003,0
57,2,22,298,2004,0
57,2,22,298,2005,0
57,2,22,298,2006,0
57,2,22,298,2007,0
57,2,22,298,2008,0
57,2,22,298,2009,0
57,2,22,298,2010,0.01
57,2,22,298,2011,0.01
57,2,22,298,2012,0.01
57,2,22,298,2013,0.01
57,2,22,298,2014,0.01
57,2,22,298,2015,0.01
57,2,22,298,2016,0.01
57,3,22,298,1990,0
57,3,22,298,1991,0
57,3,22,298,1992,0
57,3,22,298,1993,0
57,3,22,298,1994,0
57,3,22,298,1995,0
57,3,22,298,1996,0
57,3,22,298,1997,0
57,3,22,298,1998,0
57,3,22,298,1999,0
57,3,22,298,2000,0
57,3,22,298,2001,0
57,3,22,298,2002,0
57,3,22,298,2003,0
57,3,22,298,2004,0
57,3,22,298,2005,0
57,3,22,298,2006,0.01
57,3,22,298,2007,0.01
57,3,22,298,2008,0.01
57,3,22,298,2009,0.01
57,3,22,298,2010,0.01
57,3,22,298,2011,0.01
57,3,22,298,2012,0.01
57,3,22,298,2013,0.01
57,3,22,298,2014,0.01
57,3,22,298,2015,0.01
57,3,22,298,2016,0.01
58,1,22,298,1990,0
58,1,22,298,1991,0
58,1,22,298,1992,0
58,1,22,298,1993,0
58,1,22,298,1994,0
58,1,22,298,1995,0
58,1,22,298,1996,0
58,1,22,298,1997,0
58,1,22,298,1998,0
58,1,22,298,1999,0
58,1,22,298,2000,0
58,1,22,298,2001,0
58,1,22,298,2002,0
58,1,22,298,2003,0
58,1,22,298,2004,0
58,1,22,298,2005,0.01
58,1,22,298,2006,0.01
58,1,22,298,2007,0.01
58,1,22,298,2008,0.01
58,1,22,298,2009,0.01
58,1,22,298,2010,0.01
58,1,22,298,2011,0.01
58,1,22,298,2012,0.01
58,1,22,298,2013,0.01
58,1,22,298,2014,0.01
58,1,22,298,2015,0.01
58,1,22,298,2016,0.01
58,2,22,298,1990,0
58,2,22,298,1991,0
58,2,22,298,1992,0
58,2,22,298,1993,0
58,2,22,298,1994,0
58,2,22,298,1995,0
58,2,22,298,1996,0
58,2,22,298,1997,0
58,2,22,298,1998,0
58,2,22,298,1999,0
58,2,22,298,2000,0
58,2,22,298,2001,0
58,2,22,298,2002,0
58,2,22,298,2003,0
58,2,22,298,2004,0
58,2,22,298,2005,0
58,2,22,298,2006,0
58,2,22,298,2007,0
58,2,22,298,2008,0
58,2,22,298,2009,0
58,2,22,298,2010,0
58,2,22,298,2011,0
58,2,22,298,2012,0.01
58,2,22,298,2013,0.01
58,2,22,298,2014,0
58,2,22,298,2015,0
58,2,22,298,2016,0
58,3,22,298,1990,0
58,3,22,298,1991,0
58,3,22,298,1992,0
58,3,22,298,1993,0
58,3,22,298,1994,0
58,3,22,298,1995,0
58,3,22,298,1996,0
58,3,22,298,1997,0
58,3,22,298,1998,0
58,3,22,298,1999,0
58,3,22,298,2000,0
58,3,22,298,2001,0
58,3,22,298,2002,0
58,3,22,298,2003,0
58,3,22,298,2004,0
58,3,22,298,2005,0.01
58,3,22,298,2006,0.01
58,3,22,298,2007,0.01
58,3,22,298,2008,0.01
58,3,22,298,2009,0.01
58,3,22,298,2010,0.01
58,3,22,298,2011,0.01
58,3,22,298,2012,0.01
58,3,22,298,2013,0.01
58,3,22,298,2014,0.01
58,3,22,298,2015,0.01
58,3,22,298,2016,0.01
59,1,22,298,1990,0
59,1,22,298,1991,0
59,1,22,298,1992,0
59,1,22,298,1993,0
59,1,22,298,1994,0
59,1,22,298,1995,0
59,1,22,298,1996,0
59,1,22,298,1997,0.01
59,1,22,298,1998,0.01
59,1,22,298,1999,0.01
59,1,22,298,2000,0.01
59,1,22,298,2001,0.01
59,1,22,298,2002,0
59,1,22,298,2003,0
59,1,22,298,2004,0
59,1,22,298,2005,0
59,1,22,298,2006,0
59,1,22,298,2007,0.01
59,1,22,298,2008,0.01
59,1,22,298,2009,0.01
59,1,22,298,2010,0.01
59,1,22,298,2011,0.01
59,1,22,298,2012,0.01
59,1,22,298,2013,0.01
59,1,22,298,2014,0.01
59,1,22,298,2015,0.01
59,1,22,298,2016,0.01
59,2,22,298,1990,0
59,2,22,298,1991,0
59,2,22,298,1992,0
59,2,22,298,1993,0
59,2,22,298,1994,0
59,2,22,298,1995,0
59,2,22,298,1996,0
59,2,22,298,1997,0
59,2,22,298,1998,0
59,2,22,298,1999,0
59,2,22,298,2000,0
59,2,22,298,2001,0
59,2,22,298,2002,0
59,2,22,298,2003,0.01
59,2,22,298,2004,0
59,2,22,298,2005,0
59,2,22,298,2006,0.01
59,2,22,298,2007,0
59,2,22,298,2008,0.01
59,2,22,298,2009,0.01
59,2,22,298,2010,0.01
59,2,22,298,2011,0.01
59,2,22,298,2012,0.01
59,2,22,298,2013,0.01
59,2,22,298,2014,0.01
59,2,22,298,2015,0.01
59,2,22,298,2016,0.01
59,3,22,298,1990,0
59,3,22,298,1991,0
59,3,22,298,1992,0
59,3,22,298,1993,0
59,3,22,298,1994,0
59,3,22,298,1995,0
59,3,22,298,1996,0
59,3,22,298,1997,0.01
59,3,22,298,1998,0
59,3,22,298,1999,0.01
59,3,22,298,2000,0.01
59,3,22,298,2001,0
59,3,22,298,2002,0
59,3,22,298,2003,0.01
59,3,22,298,2004,0
59,3,22,298,2005,0
59,3,22,298,2006,0.01
59,3,22,298,2007,0.01
59,3,22,298,2008,0.01
59,3,22,298,2009,0.01
59,3,22,298,2010,0.01
59,3,22,298,2011,0.01
59,3,22,298,2012,0.01
59,3,22,298,2013,0.01
59,3,22,298,2014,0.01
59,3,22,298,2015,0.01
59,3,22,298,2016,0.01
60,1,22,298,1990,0
60,1,22,298,1991,0
60,1,22,298,1992,0
60,1,22,298,1993,0
60,1,22,298,1994,0
60,1,22,298,1995,0
60,1,22,298,1996,0
60,1,22,298,1997,0
60,1,22,298,1998,0
60,1,22,298,1999,0
60,1,22,298,2000,0
60,1,22,298,2001,0
60,1,22,298,2002,0
60,1,22,298,2003,0
60,1,22,298,2004,0
60,1,22,298,2005,0
60,1,22,298,2006,0
60,1,22,298,2007,0
60,1,22,298,2008,0
60,1,22,298,2009,0
60,1,22,298,2010,0
60,1,22,298,2011,0
60,1,22,298,2012,0
60,1,22,298,2013,0
60,1,22,298,2014,0
60,1,22,298,2015,0
60,1,22,298,2016,0
60,2,22,298,1990,0
60,2,22,298,1991,0
60,2,22,298,1992,0
60,2,22,298,1993,0
60,2,22,298,1994,0
60,2,22,298,1995,0.01
60,2,22,298,1996,0
60,2,22,298,1997,0
60,2,22,298,1998,0.01
60,2,22,298,1999,0.01
60,2,22,298,2000,0.01
60,2,22,298,2001,0.01
60,2,22,298,2002,0.01
60,2,22,298,2003,0.01
60,2,22,298,2004,0.01
60,2,22,298,2005,0.01
60,2,22,298,2006,0.01
60,2,22,298,2007,0.01
60,2,22,298,2008,0.01
60,2,22,298,2009,0.01
60,2,22,298,2010,0.01
60,2,22,298,2011,0.01
60,2,22,298,2012,0.01
60,2,22,298,2013,0
60,2,22,298,2014,0.01
60,2,22,298,2015,0.01
60,2,22,298,2016,0.01
60,3,22,298,1990,0
60,3,22,298,1991,0
60,3,22,298,1992,0
60,3,22,298,1993,0
60,3,22,298,1994,0
60,3,22,298,1995,0
60,3,22,298,1996,0
60,3,22,298,1997,0
60,3,22,298,1998,0
60,3,22,298,1999,0
60,3,22,298,2000,0
60,3,22,298,2001,0
60,3,22,298,2002,0
60,3,22,298,2003,0
60,3,22,298,2004,0
60,3,22,298,2005,0
60,3,22,298,2006,0
60,3,22,298,2007,0
60,3,22,298,2008,0
60,3,22,298,2009,0
60,3,22,298,2010,0
60,3,22,298,2011,0
60,3,22,298,2012,0
60,3,22,298,2013,0
60,3,22,298,2014,0
60,3,22,298,2015,0
60,3,22,298,2016,0
61,1,22,298,1990,0
61,1,22,298,1991,0.01
61,1,22,298,1992,0
61,1,22,298,1993,0.01
61,1,22,298,1994,0.01
61,1,22,298,1995,0.01
61,1,22,298,1996,0.01
61,1,22,298,1997,0.01
61,1,22,298,1998,0.01
61,1,22,298,1999,0.01
61,1,22,298,2000,0.01
61,1,22,298,2001,0.01
61,1,22,298,2002,0.01
61,1,22,298,2003,0.01
61,1,22,298,2004,0.01
61,1,22,298,2005,0.01
61,1,22,298,2006,0.01
61,1,22,298,2007,0.01
61,1,22,298,2008,0.01
61,1,22,298,2009,0.01
61,1,22,298,2010,0.01
61,1,22,298,2011,0.01
61,1,22,298,2012,0.01
61,1,22,298,2013,0.01
61,1,22,298,2014,0.01
61,1,22,298,2015,0.01
61,1,22,298,2016,0.01
61,2,22,298,1990,0
61,2,22,298,1991,0
61,2,22,298,1992,0
61,2,22,298,1993,0
61,2,22,298,1994,0
61,2,22,298,1995,0
61,2,22,298,1996,0
61,2,22,298,1997,0
61,2,22,298,1998,0
61,2,22,298,1999,0
61,2,22,298,2000,0
61,2,22,298,2001,0
61,2,22,298,2002,0
61,2,22,298,2003,0
61,2,22,298,2004,0
61,2,22,298,2005,0
61,2,22,298,2006,0
61,2,22,298,2007,0.01
61,2,22,298,2008,0.01
61,2,22,298,2009,0.01
61,2,22,298,2010,0.01
61,2,22,298,2011,0.01
61,2,22,298,2012,0.01
61,2,22,298,2013,0.01
61,2,22,298,2014,0.01
61,2,22,298,2015,0.01
61,2,22,298,2016,0
61,3,22,298,1990,0
61,3,22,298,1991,0
61,3,22,298,1992,0
61,3,22,298,1993,0
61,3,22,298,1994,0.01
61,3,22,298,1995,0.01
61,3,22,298,1996,0.01
61,3,22,298,1997,0.01
61,3,22,298,1998,0.01
61,3,22,298,1999,0.01
61,3,22,298,2000,0.01
61,3,22,298,2001,0.01
61,3,22,298,2002,0.01
61,3,22,298,2003,0.01
61,3,22,298,2004,0.01
61,3,22,298,2005,0.01
61,3,22,298,2006,0.01
61,3,22,298,2007,0.01
61,3,22,298,2008,0.01
61,3,22,298,2009,0.01
61,3,22,298,2010,0.01
61,3,22,298,2011,0.01
61,3,22,298,2012,0.01
61,3,22,298,2013,0.01
61,3,22,298,2014,0.01
61,3,22,298,2015,0.01
61,3,22,298,2016,0.01
62,1,22,298,1990,0.01
62,1,22,298,1991,0.01
62,1,22,298,1992,0.01
62,1,22,298,1993,0.01
62,1,22,298,1994,0.01
62,1,22,298,1995,0.01
62,1,22,298,1996,0.01
62,1,22,298,1997,0.01
62,1,22,298,1998,0.01
62,1,22,298,1999,0.01
62,1,22,298,2000,0.01
62,1,22,298,2001,0.01
62,1,22,298,2002,0.01
62,1,22,298,2003,0.01
62,1,22,298,2004,0.01
62,1,22,298,2005,0.01
62,1,22,298,2006,0.02
62,1,22,298,2007,0.02
62,1,22,298,2008,0.02
62,1,22,298,2009,0.02
62,1,22,298,2010,0.02
62,1,22,298,2011,0.02
62,1,22,298,2012,0.02
62,1,22,298,2013,0.02
62,1,22,298,2014,0.03
62,1,22,298,2015,0.03
62,1,22,298,2016,0.02
62,2,22,298,1990,0
62,2,22,298,1991,0
62,2,22,298,1992,0
62,2,22,298,1993,0
62,2,22,298,1994,0
62,2,22,298,1995,0
62,2,22,298,1996,0
62,2,22,298,1997,0
62,2,22,298,1998,0
62,2,22,298,1999,0
62,2,22,298,2000,0
62,2,22,298,2001,0
62,2,22,298,2002,0.01
62,2,22,298,2003,0.01
62,2,22,298,2004,0.01
62,2,22,298,2005,0.01
62,2,22,298,2006,0.01
62,2,22,298,2007,0.01
62,2,22,298,2008,0.01
62,2,22,298,2009,0.01
62,2,22,298,2010,0.01
62,2,22,298,2011,0.01
62,2,22,298,2012,0.02
62,2,22,298,2013,0.02
62,2,22,298,2014,0.02
62,2,22,298,2015,0.02
62,2,22,298,2016,0.02
62,3,22,298,1990,0
62,3,22,298,1991,0
62,3,22,298,1992,0
62,3,22,298,1993,0
62,3,22,298,1994,0.01
62,3,22,298,1995,0.01
62,3,22,298,1996,0.01
62,3,22,298,1997,0.01
62,3,22,298,1998,0.01
62,3,22,298,1999,0.01
62,3,22,298,2000,0.01
62,3,22,298,2001,0.01
62,3,22,298,2002,0.01
62,3,22,298,2003,0.01
62,3,22,298,2004,0.01
62,3,22,298,2005,0.01
62,3,22,298,2006,0.01
62,3,22,298,2007,0.01
62,3,22,298,2008,0.02
62,3,22,298,2009,0.02
62,3,22,298,2010,0.02
62,3,22,298,2011,0.02
62,3,22,298,2012,0.02
62,3,22,298,2013,0.02
62,3,22,298,2014,0.02
62,3,22,298,2015,0.02
62,3,22,298,2016,0.02
63,1,22,298,1990,0.01
63,1,22,298,1991,0.01
63,1,22,298,1992,0.01
63,1,22,298,1993,0.01
63,1,22,298,1994,0.01
63,1,22,298,1995,0.01
63,1,22,298,1996,0.01
63,1,22,298,1997,0.01
63,1,22,298,1998,0.01
63,1,22,298,1999,0.01
63,1,22,298,2000,0.02
63,1,22,298,2001,0.01
63,1,22,298,2002,0.01
63,1,22,298,2003,0.01
63,1,22,298,2004,0.01
63,1,22,298,2005,0.03
63,1,22,298,2006,0.03
63,1,22,298,2007,0.03
63,1,22,298,2008,0.03
63,1,22,298,2009,0.03
63,1,22,298,2010,0.04
63,1,22,298,2011,0.04
63,1,22,298,2012,0.03
63,1,22,298,2013,0.03
63,1,22,298,2014,0.03
63,1,22,298,2015,0.03
63,1,22,298,2016,0.03
63,2,22,298,1990,0
63,2,22,298,1991,0
63,2,22,298,1992,0
63,2,22,298,1993,0
63,2,22,298,1994,0
63,2,22,298,1995,0
63,2,22,298,1996,0
63,2,22,298,1997,0.01
63,2,22,298,1998,0.01
63,2,22,298,1999,0.01
63,2,22,298,2000,0.01
63,2,22,298,2001,0.01
63,2,22,298,2002,0.01
63,2,22,298,2003,0.01
63,2,22,298,2004,0.01
63,2,22,298,2005,0.02
63,2,22,298,2006,0.02
63,2,22,298,2007,0.02
63,2,22,298,2008,0.02
63,2,22,298,2009,0.02
63,2,22,298,2010,0.03
63,2,22,298,2011,0.03
63,2,22,298,2012,0.03
63,2,22,298,2013,0.02
63,2,22,298,2014,0.02
63,2,22,298,2015,0.02
63,2,22,298,2016,0.02
63,3,22,298,1990,0
63,3,22,298,1991,0
63,3,22,298,1992,0
63,3,22,298,1993,0
63,3,22,298,1994,0.01
63,3,22,298,1995,0.01
63,3,22,298,1996,0.01
63,3,22,298,1997,0.01
63,3,22,298,1998,0.01
63,3,22,298,1999,0.01
63,3,22,298,2000,0.01
63,3,22,298,2001,0.01
63,3,22,298,2002,0.01
63,3,22,298,2003,0.01
63,3,22,298,2004,0.01
63,3,22,298,2005,0.02
63,3,22,298,2006,0.03
63,3,22,298,2007,0.03
63,3,22,298,2008,0.03
63,3,22,298,2009,0.03
63,3,22,298,2010,0.03
63,3,22,298,2011,0.03
63,3,22,298,2012,0.03
63,3,22,298,2013,0.03
63,3,22,298,2014,0.02
63,3,22,298,2015,0.03
63,3,22,298,2016,0.02
66,1,22,298,1990,0
66,1,22,298,1991,0
66,1,22,298,1992,0
66,1,22,298,1993,0
66,1,22,298,1994,0
66,1,22,298,1995,0
66,1,22,298,1996,0
66,1,22,298,1997,0
66,1,22,298,1998,0
66,1,22,298,1999,0
66,1,22,298,2000,0
66,1,22,298,2001,0
66,1,22,298,2002,0
66,1,22,298,2003,0
66,1,22,298,2004,0
66,1,22,298,2005,0
66,1,22,298,2006,0
66,1,22,298,2007,0
66,1,22,298,2008,0.01
66,1,22,298,2009,0.01
66,1,22,298,2010,0.01
66,1,22,298,2011,0.01
66,1,22,298,2012,0.01
66,1,22,298,2013,0.01
66,1,22,298,2014,0
66,1,22,298,2015,0
66,1,22,298,2016,0
66,2,22,298,1990,0
66,2,22,298,1991,0
66,2,22,298,1992,0
66,2,22,298,1993,0
66,2,22,298,1994,0
66,2,22,298,1995,0
66,2,22,298,1996,0
66,2,22,298,1997,0
66,2,22,298,1998,0
66,2,22,298,1999,0
66,2,22,298,2000,0
66,2,22,298,2001,0
66,2,22,298,2002,0
66,2,22,298,2003,0
66,2,22,298,2004,0
66,2,22,298,2005,0
66,2,22,298,2006,0
66,2,22,298,2007,0
66,2,22,298,2008,0
66,2,22,298,2009,0
66,2,22,298,2010,0
66,2,22,298,2011,0
66,2,22,298,2012,0
66,2,22,298,2013,0
66,2,22,298,2014,0
66,2,22,298,2015,0
66,2,22,298,2016,0
66,3,22,298,1990,0
66,3,22,298,1991,0
66,3,22,298,1992,0
66,3,22,298,1993,0
66,3,22,298,1994,0
66,3,22,298,1995,0
66,3,22,298,1996,0
66,3,22,298,1997,0
66,3,22,298,1998,0
66,3,22,298,1999,0
66,3,22,298,2000,0
66,3,22,298,2001,0
66,3,22,298,2002,0
66,3,22,298,2003,0
66,3,22,298,2004,0
66,3,22,298,2005,0
66,3,22,298,2006,0
66,3,22,298,2007,0
66,3,22,298,2008,0
66,3,22,298,2009,0
66,3,22,298,2010,0
66,3,22,298,2011,0
66,3,22,298,2012,0
66,3,22,298,2013,0
66,3,22,298,2014,0
66,3,22,298,2015,0
66,3,22,298,2016,0
67,1,22,298,1990,0
67,1,22,298,1991,0
67,1,22,298,1992,0
67,1,22,298,1993,0
67,1,22,298,1994,0
67,1,22,298,1995,0
67,1,22,298,1996,0
67,1,22,298,1997,0
67,1,22,298,1998,0
67,1,22,298,1999,0
67,1,22,298,2000,0
67,1,22,298,2001,0
67,1,22,298,2002,0
67,1,22,298,2003,0
67,1,22,298,2004,0
67,1,22,298,2005,0
67,1,22,298,2006,0
67,1,22,298,2007,0
67,1,22,298,2008,0
67,1,22,298,2009,0
67,1,22,298,2010,0
67,1,22,298,2011,0
67,1,22,298,2012,0
67,1,22,298,2013,0
67,1,22,298,2014,0
67,1,22,298,2015,0
67,1,22,298,2016,0
67,2,22,298,1990,0
67,2,22,298,1991,0
67,2,22,298,1992,0
67,2,22,298,1993,0
67,2,22,298,1994,0
67,2,22,298,1995,0
67,2,22,298,1996,0
67,2,22,298,1997,0
67,2,22,298,1998,0
67,2,22,298,1999,0
67,2,22,298,2000,0
67,2,22,298,2001,0
67,2,22,298,2002,0
67,2,22,298,2003,0
67,2,22,298,2004,0
67,2,22,298,2005,0
67,2,22,298,2006,0
67,2,22,298,2007,0
67,2,22,298,2008,0
67,2,22,298,2009,0
67,2,22,298,2010,0
67,2,22,298,2011,0
67,2,22,298,2012,0
67,2,22,298,2013,0
67,2,22,298,2014,0
67,2,22,298,2015,0
67,2,22,298,2016,0
67,3,22,298,1990,0
67,3,22,298,1991,0
67,3,22,298,1992,0
67,3,22,298,1993,0
67,3,22,298,1994,0
67,3,22,298,1995,0
67,3,22,298,1996,0
67,3,22,298,1997,0
67,3,22,298,1998,0
67,3,22,298,1999,0
67,3,22,298,2000,0
67,3,22,298,2001,0
67,3,22,298,2002,0
67,3,22,298,2003,0
67,3,22,298,2004,0
67,3,22,298,2005,0
67,3,22,298,2006,0
67,3,22,298,2007,0
67,3,22,298,2008,0
67,3,22,298,2009,0
67,3,22,298,2010,0
67,3,22,298,2011,0
67,3,22,298,2012,0
67,3,22,298,2013,0
67,3,22,298,2014,0
67,3,22,298,2015,0
67,3,22,298,2016,0
68,1,22,298,1990,0
68,1,22,298,1991,0
68,1,22,298,1992,0
68,1,22,298,1993,0
68,1,22,298,1994,0
68,1,22,298,1995,0
68,1,22,298,1996,0
68,1,22,298,1997,0
68,1,22,298,1998,0
68,1,22,298,1999,0
68,1,22,298,2000,0
68,1,22,298,2001,0
68,1,22,298,2002,0
68,1,22,298,2003,0
68,1,22,298,2004,0
68,1,22,298,2005,0
68,1,22,298,2006,0
68,1,22,298,2007,0
68,1,22,298,2008,0
68,1,22,298,2009,0
68,1,22,298,2010,0
68,1,22,298,2011,0
68,1,22,298,2012,0
68,1,22,298,2013,0
68,1,22,298,2014,0
68,1,22,298,2015,0
68,1,22,298,2016,0
68,2,22,298,1990,0
68,2,22,298,1991,0
68,2,22,298,1992,0
68,2,22,298,1993,0
68,2,22,298,1994,0
68,2,22,298,1995,0
68,2,22,298,1996,0
68,2,22,298,1997,0
68,2,22,298,1998,0
68,2,22,298,1999,0
68,2,22,298,2000,0
68,2,22,298,2001,0
68,2,22,298,2002,0
68,2,22,298,2003,0
68,2,22,298,2004,0
68,2,22,298,2005,0
68,2,22,298,2006,0
68,2,22,298,2007,0
68,2,22,298,2008,0
68,2,22,298,2009,0
68,2,22,298,2010,0
68,2,22,298,2011,0
68,2,22,298,2012,0
68,2,22,298,2013,0
68,2,22,298,2014,0
68,2,22,298,2015,0
68,2,22,298,2016,0
68,3,22,298,1990,0
68,3,22,298,1991,0
68,3,22,298,1992,0
68,3,22,298,1993,0
68,3,22,298,1994,0
68,3,22,298,1995,0
68,3,22,298,1996,0
68,3,22,298,1997,0
68,3,22,298,1998,0
68,3,22,298,1999,0
68,3,22,298,2000,0
68,3,22,298,2001,0
68,3,22,298,2002,0
68,3,22,298,2003,0
68,3,22,298,2004,0
68,3,22,298,2005,0
68,3,22,298,2006,0
68,3,22,298,2007,0
68,3,22,298,2008,0
68,3,22,298,2009,0
68,3,22,298,2010,0
68,3,22,298,2011,0
68,3,22,298,2012,0
68,3,22,298,2013,0
68,3,22,298,2014,0
68,3,22,298,2015,0
68,3,22,298,2016,0
69,1,22,298,1990,0
69,1,22,298,1991,0
69,1,22,298,1992,0
69,1,22,298,1993,0
69,1,22,298,1994,0
69,1,22,298,1995,0.01
69,1,22,298,1996,0.01
69,1,22,298,1997,0.01
69,1,22,298,1998,0.01
69,1,22,298,1999,0.01
69,1,22,298,2000,0.01
69,1,22,298,2001,0.01
69,1,22,298,2002,0.01
69,1,22,298,2003,0.01
69,1,22,298,2004,0.01
69,1,22,298,2005,0.01
69,1,22,298,2006,0.01
69,1,22,298,2007,0.01
69,1,22,298,2008,0.01
69,1,22,298,2009,0.01
69,1,22,298,2010,0.01
69,1,22,298,2011,0.01
69,1,22,298,2012,0.01
69,1,22,298,2013,0.01
69,1,22,298,2014,0.01
69,1,22,298,2015,0.01
69,1,22,298,2016,0.01
69,2,22,298,1990,0
69,2,22,298,1991,0
69,2,22,298,1992,0
69,2,22,298,1993,0
69,2,22,298,1994,0
69,2,22,298,1995,0
69,2,22,298,1996,0
69,2,22,298,1997,0
69,2,22,298,1998,0
69,2,22,298,1999,0
69,2,22,298,2000,0
69,2,22,298,2001,0
69,2,22,298,2002,0
69,2,22,298,2003,0
69,2,22,298,2004,0
69,2,22,298,2005,0
69,2,22,298,2006,0
69,2,22,298,2007,0
69,2,22,298,2008,0
69,2,22,298,2009,0
69,2,22,298,2010,0
69,2,22,298,2011,0
69,2,22,298,2012,0
69,2,22,298,2013,0
69,2,22,298,2014,0
69,2,22,298,2015,0
69,2,22,298,2016,0
69,3,22,298,1990,0
69,3,22,298,1991,0
69,3,22,298,1992,0
69,3,22,298,1993,0
69,3,22,298,1994,0
69,3,22,298,1995,0
69,3,22,298,1996,0.01
69,3,22,298,1997,0.01
69,3,22,298,1998,0.01
69,3,22,298,1999,0.01
69,3,22,298,2000,0.01
69,3,22,298,2001,0.01
69,3,22,298,2002,0.01
69,3,22,298,2003,0.01
69,3,22,298,2004,0.01
69,3,22,298,2005,0.01
69,3,22,298,2006,0.01
69,3,22,298,2007,0.01
69,3,22,298,2008,0.01
69,3,22,298,2009,0.01
69,3,22,298,2010,0
69,3,22,298,2011,0
69,3,22,298,2012,0
69,3,22,298,2013,0
69,3,22,298,2014,0
69,3,22,298,2015,0
69,3,22,298,2016,0
71,1,22,298,1990,0.01
71,1,22,298,1991,0.01
71,1,22,298,1992,0.01
71,1,22,298,1993,0.02
71,1,22,298,1994,0.02
71,1,22,298,1995,0.01
71,1,22,298,1996,0.02
71,1,22,298,1997,0.01
71,1,22,298,1998,0.01
71,1,22,298,1999,0
71,1,22,298,2000,0
71,1,22,298,2001,0
71,1,22,298,2002,0
71,1,22,298,2003,0
71,1,22,298,2004,0
71,1,22,298,2005,0
71,1,22,298,2006,0
71,1,22,298,2007,0
71,1,22,298,2008,0
71,1,22,298,2009,0
71,1,22,298,2010,0
71,1,22,298,2011,0
71,1,22,298,2012,0
71,1,22,298,2013,0
71,1,22,298,2014,0
71,1,22,298,2015,0
71,1,22,298,2016,0
71,2,22,298,1990,0
71,2,22,298,1991,0
71,2,22,298,1992,0
71,2,22,298,1993,0
71,2,22,298,1994,0
71,2,22,298,1995,0
71,2,22,298,1996,0
71,2,22,298,1997,0
71,2,22,298,1998,0
71,2,22,298,1999,0
71,2,22,298,2000,0
71,2,22,298,2001,0
71,2,22,298,2002,0
71,2,22,298,2003,0
71,2,22,298,2004,0
71,2,22,298,2005,0
71,2,22,298,2006,0
71,2,22,298,2007,0
71,2,22,298,2008,0
71,2,22,298,2009,0
71,2,22,298,2010,0
71,2,22,298,2011,0
71,2,22,298,2012,0
71,2,22,298,2013,0
71,2,22,298,2014,0
71,2,22,298,2015,0
71,2,22,298,2016,0
71,3,22,298,1990,0.01
71,3,22,298,1991,0.01
71,3,22,298,1992,0.01
71,3,22,298,1993,0.01
71,3,22,298,1994,0.01
71,3,22,298,1995,0.01
71,3,22,298,1996,0.01
71,3,22,298,1997,0
71,3,22,298,1998,0
71,3,22,298,1999,0
71,3,22,298,2000,0
71,3,22,298,2001,0
71,3,22,298,2002,0
71,3,22,298,2003,0
71,3,22,298,2004,0
71,3,22,298,2005,0
71,3,22,298,2006,0
71,3,22,298,2007,0
71,3,22,298,2008,0
71,3,22,298,2009,0
71,3,22,298,2010,0
71,3,22,298,2011,0
71,3,22,298,2012,0
71,3,22,298,2013,0
71,3,22,298,2014,0
71,3,22,298,2015,0
71,3,22,298,2016,0
72,1,22,298,1990,0.01
72,1,22,298,1991,0.01
72,1,22,298,1992,0.01
72,1,22,298,1993,0.01
72,1,22,298,1994,0.01
72,1,22,298,1995,0.01
72,1,22,298,1996,0.01
72,1,22,298,1997,0
72,1,22,298,1998,0
72,1,22,298,1999,0
72,1,22,298,2000,0
72,1,22,298,2001,0
72,1,22,298,2002,0
72,1,22,298,2003,0
72,1,22,298,2004,0
72,1,22,298,2005,0
72,1,22,298,2006,0
72,1,22,298,2007,0
72,1,22,298,2008,0
72,1,22,298,2009,0
72,1,22,298,2010,0
72,1,22,298,2011,0
72,1,22,298,2012,0
72,1,22,298,2013,0
72,1,22,298,2014,0
72,1,22,298,2015,0
72,1,22,298,2016,0
72,2,22,298,1990,0
72,2,22,298,1991,0
72,2,22,298,1992,0
72,2,22,298,1993,0
72,2,22,298,1994,0
72,2,22,298,1995,0
72,2,22,298,1996,0
72,2,22,298,1997,0
72,2,22,298,1998,0
72,2,22,298,1999,0
72,2,22,298,2000,0
72,2,22,298,2001,0
72,2,22,298,2002,0
72,2,22,298,2003,0
72,2,22,298,2004,0
72,2,22,298,2005,0
72,2,22,298,2006,0
72,2,22,298,2007,0
72,2,22,298,2008,0
72,2,22,298,2009,0
72,2,22,298,2010,0
72,2,22,298,2011,0
72,2,22,298,2012,0
72,2,22,298,2013,0
72,2,22,298,2014,0
72,2,22,298,2015,0
72,2,22,298,2016,0
72,3,22,298,1990,0
72,3,22,298,1991,0.01
72,3,22,298,1992,0.01
72,3,22,298,1993,0.01
72,3,22,298,1994,0
72,3,22,298,1995,0.01
72,3,22,298,1996,0
72,3,22,298,1997,0
72,3,22,298,1998,0
72,3,22,298,1999,0
72,3,22,298,2000,0
72,3,22,298,2001,0
72,3,22,298,2002,0
72,3,22,298,2003,0
72,3,22,298,2004,0
72,3,22,298,2005,0
72,3,22,298,2006,0
72,3,22,298,2007,0
72,3,22,298,2008,0
72,3,22,298,2009,0
72,3,22,298,2010,0
72,3,22,298,2011,0
72,3,22,298,2012,0
72,3,22,298,2013,0
72,3,22,298,2014,0
72,3,22,298,2015,0
72,3,22,298,2016,0
74,1,22,298,1990,0.02
74,1,22,298,1991,0.02
74,1,22,298,1992,0.02
74,1,22,298,1993,0.02
74,1,22,298,1994,0.03
74,1,22,298,1995,0.03
74,1,22,298,1996,0.03
74,1,22,298,1997,0.03
74,1,22,298,1998,0.02
74,1,22,298,1999,0.02
74,1,22,298,2000,0.02
74,1,22,298,2001,0.01
74,1,22,298,2002,0.01
74,1,22,298,2003,0.01
74,1,22,298,2004,0.01
74,1,22,298,2005,0.01
74,1,22,298,2006,0.01
74,1,22,298,2007,0.01
74,1,22,298,2008,0.01
74,1,22,298,2009,0.01
74,1,22,298,2010,0.01
74,1,22,298,2011,0.01
74,1,22,298,2012,0.01
74,1,22,298,2013,0.01
74,1,22,298,2014,0.01
74,1,22,298,2015,0.01
74,1,22,298,2016,0.01
74,2,22,298,1990,0.01
74,2,22,298,1991,0.01
74,2,22,298,1992,0.01
74,2,22,298,1993,0.01
74,2,22,298,1994,0.01
74,2,22,298,1995,0.01
74,2,22,298,1996,0.01
74,2,22,298,1997,0.01
74,2,22,298,1998,0.01
74,2,22,298,1999,0.01
74,2,22,298,2000,0.01
74,2,22,298,2001,0.01
74,2,22,298,2002,0.01
74,2,22,298,2003,0
74,2,22,298,2004,0
74,2,22,298,2005,0
74,2,22,298,2006,0
74,2,22,298,2007,0
74,2,22,298,2008,0
74,2,22,298,2009,0
74,2,22,298,2010,0
74,2,22,298,2011,0
74,2,22,298,2012,0
74,2,22,298,2013,0
74,2,22,298,2014,0
74,2,22,298,2015,0
74,2,22,298,2016,0
74,3,22,298,1990,0.01
74,3,22,298,1991,0.01
74,3,22,298,1992,0.02
74,3,22,298,1993,0.02
74,3,22,298,1994,0.02
74,3,22,298,1995,0.02
74,3,22,298,1996,0.02
74,3,22,298,1997,0.02
74,3,22,298,1998,0.02
74,3,22,298,1999,0.01
74,3,22,298,2000,0.01
74,3,22,298,2001,0.01
74,3,22,298,2002,0.01
74,3,22,298,2003,0.01
74,3,22,298,2004,0.01
74,3,22,298,2005,0.01
74,3,22,298,2006,0.01
74,3,22,298,2007,0.01
74,3,22,298,2008,0.01
74,3,22,298,2009,0.01
74,3,22,298,2010,0.01
74,3,22,298,2011,0.01
74,3,22,298,2012,0.01
74,3,22,298,2013,0.01
74,3,22,298,2014,0.01
74,3,22,298,2015,0.01
74,3,22,298,2016,0.01
75,1,22,298,1990,0
75,1,22,298,1991,0
75,1,22,298,1992,0.01
75,1,22,298,1993,0.01
75,1,22,298,1994,0.01
75,1,22,298,1995,0.01
75,1,22,298,1996,0.01
75,1,22,298,1997,0
75,1,22,298,1998,0
75,1,22,298,1999,0
75,1,22,298,2000,0
75,1,22,298,2001,0
75,1,22,298,2002,0
75,1,22,298,2003,0
75,1,22,298,2004,0
75,1,22,298,2005,0
75,1,22,298,2006,0
75,1,22,298,2007,0
75,1,22,298,2008,0
75,1,22,298,2009,0
75,1,22,298,2010,0
75,1,22,298,2011,0
75,1,22,298,2012,0
75,1,22,298,2013,0
75,1,22,298,2014,0
75,1,22,298,2015,0
75,1,22,298,2016,0
75,2,22,298,1990,0
75,2,22,298,1991,0
75,2,22,298,1992,0
75,2,22,298,1993,0
75,2,22,298,1994,0
75,2,22,298,1995,0
75,2,22,298,1996,0
75,2,22,298,1997,0
75,2,22,298,1998,0
75,2,22,298,1999,0
75,2,22,298,2000,0
75,2,22,298,2001,0
75,2,22,298,2002,0
75,2,22,298,2003,0
75,2,22,298,2004,0
75,2,22,298,2005,0
75,2,22,298,2006,0
75,2,22,298,2007,0
75,2,22,298,2008,0
75,2,22,298,2009,0
75,2,22,298,2010,0
75,2,22,298,2011,0
75,2,22,298,2012,0
75,2,22,298,2013,0
75,2,22,298,2014,0
75,2,22,298,2015,0
75,2,22,298,2016,0
75,3,22,298,1990,0
75,3,22,298,1991,0
75,3,22,298,1992,0
75,3,22,298,1993,0
75,3,22,298,1994,0.01
75,3,22,298,1995,0.01
75,3,22,298,1996,0
75,3,22,298,1997,0
75,3,22,298,1998,0
75,3,22,298,1999,0
75,3,22,298,2000,0
75,3,22,298,2001,0
75,3,22,298,2002,0
75,3,22,298,2003,0
75,3,22,298,2004,0
75,3,22,298,2005,0
75,3,22,298,2006,0
75,3,22,298,2007,0
75,3,22,298,2008,0
75,3,22,298,2009,0
75,3,22,298,2010,0
75,3,22,298,2011,0
75,3,22,298,2012,0
75,3,22,298,2013,0
75,3,22,298,2014,0
75,3,22,298,2015,0
75,3,22,298,2016,0
76,1,22,298,1990,0
76,1,22,298,1991,0
76,1,22,298,1992,0
76,1,22,298,1993,0.01
76,1,22,298,1994,0.01
76,1,22,298,1995,0.01
76,1,22,298,1996,0.01
76,1,22,298,1997,0
76,1,22,298,1998,0
76,1,22,298,1999,0
76,1,22,298,2000,0
76,1,22,298,2001,0
76,1,22,298,2002,0
76,1,22,298,2003,0
76,1,22,298,2004,0
76,1,22,298,2005,0
76,1,22,298,2006,0
76,1,22,298,2007,0
76,1,22,298,2008,0
76,1,22,298,2009,0
76,1,22,298,2010,0
76,1,22,298,2011,0
76,1,22,298,2012,0
76,1,22,298,2013,0
76,1,22,298,2014,0
76,1,22,298,2015,0
76,1,22,298,2016,0
76,2,22,298,1990,0
76,2,22,298,1991,0
76,2,22,298,1992,0
76,2,22,298,1993,0
76,2,22,298,1994,0
76,2,22,298,1995,0
76,2,22,298,1996,0
76,2,22,298,1997,0
76,2,22,298,1998,0
76,2,22,298,1999,0
76,2,22,298,2000,0
76,2,22,298,2001,0
76,2,22,298,2002,0
76,2,22,298,2003,0
76,2,22,298,2004,0
76,2,22,298,2005,0
76,2,22,298,2006,0
76,2,22,298,2007,0
76,2,22,298,2008,0
76,2,22,298,2009,0
76,2,22,298,2010,0
76,2,22,298,2011,0
76,2,22,298,2012,0
76,2,22,298,2013,0
76,2,22,298,2014,0
76,2,22,298,2015,0
76,2,22,298,2016,0
76,3,22,298,1990,0
76,3,22,298,1991,0
76,3,22,298,1992,0
76,3,22,298,1993,0
76,3,22,298,1994,0.01
76,3,22,298,1995,0.01
76,3,22,298,1996,0
76,3,22,298,1997,0
76,3,22,298,1998,0
76,3,22,298,1999,0
76,3,22,298,2000,0
76,3,22,298,2001,0
76,3,22,298,2002,0
76,3,22,298,2003,0
76,3,22,298,2004,0
76,3,22,298,2005,0
76,3,22,298,2006,0
76,3,22,298,2007,0
76,3,22,298,2008,0
76,3,22,298,2009,0
76,3,22,298,2010,0
76,3,22,298,2011,0
76,3,22,298,2012,0
76,3,22,298,2013,0
76,3,22,298,2014,0
76,3,22,298,2015,0
76,3,22,298,2016,0
77,1,22,298,1990,0
77,1,22,298,1991,0
77,1,22,298,1992,0
77,1,22,298,1993,0
77,1,22,298,1994,0
77,1,22,298,1995,0
77,1,22,298,1996,0
77,1,22,298,1997,0
77,1,22,298,1998,0
77,1,22,298,1999,0
77,1,22,298,2000,0
77,1,22,298,2001,0
77,1,22,298,2002,0
77,1,22,298,2003,0
77,1,22,298,2004,0
77,1,22,298,2005,0
77,1,22,298,2006,0
77,1,22,298,2007,0
77,1,22,298,2008,0
77,1,22,298,2009,0
77,1,22,298,2010,0
77,1,22,298,2011,0
77,1,22,298,2012,0
77,1,22,298,2013,0
77,1,22,298,2014,0
77,1,22,298,2015,0
77,1,22,298,2016,0
77,2,22,298,1990,0
77,2,22,298,1991,0
77,2,22,298,1992,0
77,2,22,298,1993,0
77,2,22,298,1994,0
77,2,22,298,1995,0
77,2,22,298,1996,0
77,2,22,298,1997,0
77,2,22,298,1998,0
77,2,22,298,1999,0
77,2,22,298,2000,0
77,2,22,298,2001,0
77,2,22,298,2002,0
77,2,22,298,2003,0
77,2,22,298,2004,0
77,2,22,298,2005,0
77,2,22,298,2006,0
77,2,22,298,2007,0
77,2,22,298,2008,0
77,2,22,298,2009,0
77,2,22,298,2010,0
77,2,22,298,2011,0
77,2,22,298,2012,0
77,2,22,298,2013,0
77,2,22,298,2014,0
77,2,22,298,2015,0
77,2,22,298,2016,0
77,3,22,298,1990,0
77,3,22,298,1991,0
77,3,22,298,1992,0
77,3,22,298,1993,0
77,3,22,298,1994,0
77,3,22,298,1995,0
77,3,22,298,1996,0
77,3,22,298,1997,0
77,3,22,298,1998,0
77,3,22,298,1999,0
77,3,22,298,2000,0
77,3,22,298,2001,0
77,3,22,298,2002,0
77,3,22,298,2003,0
77,3,22,298,2004,0
77,3,22,298,2005,0
77,3,22,298,2006,0
77,3,22,298,2007,0
77,3,22,298,2008,0
77,3,22,298,2009,0
77,3,22,298,2010,0
77,3,22,298,2011,0
77,3,22,298,2012,0
77,3,22,298,2013,0
77,3,22,298,2014,0
77,3,22,298,2015,0
77,3,22,298,2016,0
78,1,22,298,1990,0.01
78,1,22,298,1991,0.01
78,1,22,298,1992,0.01
78,1,22,298,1993,0.01
78,1,22,298,1994,0.02
78,1,22,298,1995,0.02
78,1,22,298,1996,0.01
78,1,22,298,1997,0.01
78,1,22,298,1998,0
78,1,22,298,1999,0
78,1,22,298,2000,0
78,1,22,298,2001,0
78,1,22,298,2002,0
78,1,22,298,2003,0
78,1,22,298,2004,0
78,1,22,298,2005,0
78,1,22,298,2006,0
78,1,22,298,2007,0
78,1,22,298,2008,0
78,1,22,298,2009,0
78,1,22,298,2010,0
78,1,22,298,2011,0
78,1,22,298,2012,0
78,1,22,298,2013,0
78,1,22,298,2014,0
78,1,22,298,2015,0
78,1,22,298,2016,0
78,2,22,298,1990,0
78,2,22,298,1991,0
78,2,22,298,1992,0
78,2,22,298,1993,0
78,2,22,298,1994,0
78,2,22,298,1995,0
78,2,22,298,1996,0
78,2,22,298,1997,0
78,2,22,298,1998,0
78,2,22,298,1999,0
78,2,22,298,2000,0
78,2,22,298,2001,0
78,2,22,298,2002,0
78,2,22,298,2003,0
78,2,22,298,2004,0
78,2,22,298,2005,0
78,2,22,298,2006,0
78,2,22,298,2007,0
78,2,22,298,2008,0
78,2,22,298,2009,0
78,2,22,298,2010,0
78,2,22,298,2011,0
78,2,22,298,2012,0
78,2,22,298,2013,0
78,2,22,298,2014,0
78,2,22,298,2015,0
78,2,22,298,2016,0
78,3,22,298,1990,0
78,3,22,298,1991,0
78,3,22,298,1992,0
78,3,22,298,1993,0.01
78,3,22,298,1994,0.01
78,3,22,298,1995,0.01
78,3,22,298,1996,0.01
78,3,22,298,1997,0
78,3,22,298,1998,0
78,3,22,298,1999,0
78,3,22,298,2000,0
78,3,22,298,2001,0
78,3,22,298,2002,0
78,3,22,298,2003,0
78,3,22,298,2004,0
78,3,22,298,2005,0
78,3,22,298,2006,0
78,3,22,298,2007,0
78,3,22,298,2008,0
78,3,22,298,2009,0
78,3,22,298,2010,0
78,3,22,298,2011,0
78,3,22,298,2012,0
78,3,22,298,2013,0
78,3,22,298,2014,0
78,3,22,298,2015,0
78,3,22,298,2016,0
79,1,22,298,1990,0
79,1,22,298,1991,0
79,1,22,298,1992,0
79,1,22,298,1993,0
79,1,22,298,1994,0
79,1,22,298,1995,0
79,1,22,298,1996,0
79,1,22,298,1997,0
79,1,22,298,1998,0
79,1,22,298,1999,0
79,1,22,298,2000,0
79,1,22,298,2001,0
79,1,22,298,2002,0
79,1,22,298,2003,0
79,1,22,298,2004,0
79,1,22,298,2005,0
79,1,22,298,2006,0
79,1,22,298,2007,0
79,1,22,298,2008,0
79,1,22,298,2009,0
79,1,22,298,2010,0
79,1,22,298,2011,0
79,1,22,298,2012,0
79,1,22,298,2013,0
79,1,22,298,2014,0
79,1,22,298,2015,0
79,1,22,298,2016,0
79,2,22,298,1990,0
79,2,22,298,1991,0
79,2,22,298,1992,0
79,2,22,298,1993,0
79,2,22,298,1994,0
79,2,22,298,1995,0
79,2,22,298,1996,0
79,2,22,298,1997,0
79,2,22,298,1998,0
79,2,22,298,1999,0
79,2,22,298,2000,0
79,2,22,298,2001,0
79,2,22,298,2002,0
79,2,22,298,2003,0
79,2,22,298,2004,0
79,2,22,298,2005,0
79,2,22,298,2006,0
79,2,22,298,2007,0
79,2,22,298,2008,0
79,2,22,298,2009,0
79,2,22,298,2010,0
79,2,22,298,2011,0
79,2,22,298,2012,0
79,2,22,298,2013,0
79,2,22,298,2014,0
79,2,22,298,2015,0
79,2,22,298,2016,0
79,3,22,298,1990,0
79,3,22,298,1991,0
79,3,22,298,1992,0
79,3,22,298,1993,0
79,3,22,298,1994,0
79,3,22,298,1995,0
79,3,22,298,1996,0
79,3,22,298,1997,0
79,3,22,298,1998,0
79,3,22,298,1999,0
79,3,22,298,2000,0
79,3,22,298,2001,0
79,3,22,298,2002,0
79,3,22,298,2003,0
79,3,22,298,2004,0
79,3,22,298,2005,0
79,3,22,298,2006,0
79,3,22,298,2007,0
79,3,22,298,2008,0
79,3,22,298,2009,0
79,3,22,298,2010,0
79,3,22,298,2011,0
79,3,22,298,2012,0
79,3,22,298,2013,0
79,3,22,298,2014,0
79,3,22,298,2015,0
79,3,22,298,2016,0
80,1,22,298,1990,0.02
80,1,22,298,1991,0.03
80,1,22,298,1992,0.03
80,1,22,298,1993,0.03
80,1,22,298,1994,0.04
80,1,22,298,1995,0.03
80,1,22,298,1996,0.02
80,1,22,298,1997,0.01
80,1,22,298,1998,0.01
80,1,22,298,1999,0.01
80,1,22,298,2000,0.01
80,1,22,298,2001,0.01
80,1,22,298,2002,0.01
80,1,22,298,2003,0.01
80,1,22,298,2004,0.01
80,1,22,298,2005,0.01
80,1,22,298,2006,0.01
80,1,22,298,2007,0
80,1,22,298,2008,0
80,1,22,298,2009,0
80,1,22,298,2010,0
80,1,22,298,2011,0
80,1,22,298,2012,0
80,1,22,298,2013,0
80,1,22,298,2014,0
80,1,22,298,2015,0
80,1,22,298,2016,0
80,2,22,298,1990,0.01
80,2,22,298,1991,0.01
80,2,22,298,1992,0.01
80,2,22,298,1993,0.01
80,2,22,298,1994,0.01
80,2,22,298,1995,0.01
80,2,22,298,1996,0.01
80,2,22,298,1997,0
80,2,22,298,1998,0
80,2,22,298,1999,0
80,2,22,298,2000,0
80,2,22,298,2001,0
80,2,22,298,2002,0
80,2,22,298,2003,0
80,2,22,298,2004,0
80,2,22,298,2005,0
80,2,22,298,2006,0
80,2,22,298,2007,0
80,2,22,298,2008,0
80,2,22,298,2009,0
80,2,22,298,2010,0
80,2,22,298,2011,0
80,2,22,298,2012,0
80,2,22,298,2013,0
80,2,22,298,2014,0
80,2,22,298,2015,0
80,2,22,298,2016,0
80,3,22,298,1990,0.01
80,3,22,298,1991,0.02
80,3,22,298,1992,0.02
80,3,22,298,1993,0.02
80,3,22,298,1994,0.03
80,3,22,298,1995,0.03
80,3,22,298,1996,0.02
80,3,22,298,1997,0.01
80,3,22,298,1998,0.01
80,3,22,298,1999,0.01
80,3,22,298,2000,0.01
80,3,22,298,2001,0.01
80,3,22,298,2002,0.01
80,3,22,298,2003,0.01
80,3,22,298,2004,0.01
80,3,22,298,2005,0
80,3,22,298,2006,0
80,3,22,298,2007,0
80,3,22,298,2008,0
80,3,22,298,2009,0
80,3,22,298,2010,0
80,3,22,298,2011,0
80,3,22,298,2012,0
80,3,22,298,2013,0
80,3,22,298,2014,0
80,3,22,298,2015,0
80,3,22,298,2016,0
81,1,22,298,1990,0.01
81,1,22,298,1991,0.01
81,1,22,298,1992,0.01
81,1,22,298,1993,0.01
81,1,22,298,1994,0.01
81,1,22,298,1995,0.01
81,1,22,298,1996,0.01
81,1,22,298,1997,0
81,1,22,298,1998,0
81,1,22,298,1999,0
81,1,22,298,2000,0
81,1,22,298,2001,0
81,1,22,298,2002,0
81,1,22,298,2003,0
81,1,22,298,2004,0
81,1,22,298,2005,0
81,1,22,298,2006,0
81,1,22,298,2007,0
81,1,22,298,2008,0
81,1,22,298,2009,0
81,1,22,298,2010,0
81,1,22,298,2011,0
81,1,22,298,2012,0
81,1,22,298,2013,0
81,1,22,298,2014,0
81,1,22,298,2015,0
81,1,22,298,2016,0
81,2,22,298,1990,0
81,2,22,298,1991,0
81,2,22,298,1992,0
81,2,22,298,1993,0
81,2,22,298,1994,0
81,2,22,298,1995,0
81,2,22,298,1996,0
81,2,22,298,1997,0
81,2,22,298,1998,0
81,2,22,298,1999,0
81,2,22,298,2000,0
81,2,22,298,2001,0
81,2,22,298,2002,0
81,2,22,298,2003,0
81,2,22,298,2004,0
81,2,22,298,2005,0
81,2,22,298,2006,0
81,2,22,298,2007,0
81,2,22,298,2008,0
81,2,22,298,2009,0
81,2,22,298,2010,0
81,2,22,298,2011,0
81,2,22,298,2012,0
81,2,22,298,2013,0
81,2,22,298,2014,0
81,2,22,298,2015,0
81,2,22,298,2016,0
81,3,22,298,1990,0
81,3,22,298,1991,0.01
81,3,22,298,1992,0.01
81,3,22,298,1993,0.01
81,3,22,298,1994,0.01
81,3,22,298,1995,0.01
81,3,22,298,1996,0.01
81,3,22,298,1997,0
81,3,22,298,1998,0
81,3,22,298,1999,0
81,3,22,298,2000,0
81,3,22,298,2001,0
81,3,22,298,2002,0
81,3,22,298,2003,0
81,3,22,298,2004,0
81,3,22,298,2005,0
81,3,22,298,2006,0
81,3,22,298,2007,0
81,3,22,298,2008,0
81,3,22,298,2009,0
81,3,22,298,2010,0
81,3,22,298,2011,0
81,3,22,298,2012,0
81,3,22,298,2013,0
81,3,22,298,2014,0
81,3,22,298,2015,0
81,3,22,298,2016,0
82,1,22,298,1990,0
82,1,22,298,1991,0
82,1,22,298,1992,0
82,1,22,298,1993,0
82,1,22,298,1994,0
82,1,22,298,1995,0
82,1,22,298,1996,0
82,1,22,298,1997,0
82,1,22,298,1998,0
82,1,22,298,1999,0
82,1,22,298,2000,0
82,1,22,298,2001,0
82,1,22,298,2002,0
82,1,22,298,2003,0
82,1,22,298,2004,0
82,1,22,298,2005,0
82,1,22,298,2006,0
82,1,22,298,2007,0
82,1,22,298,2008,0
82,1,22,298,2009,0
82,1,22,298,2010,0
82,1,22,298,2011,0
82,1,22,298,2012,0
82,1,22,298,2013,0
82,1,22,298,2014,0
82,1,22,298,2015,0
82,1,22,298,2016,0
82,2,22,298,1990,0
82,2,22,298,1991,0
82,2,22,298,1992,0
82,2,22,298,1993,0
82,2,22,298,1994,0
82,2,22,298,1995,0
82,2,22,298,1996,0
82,2,22,298,1997,0
82,2,22,298,1998,0
82,2,22,298,1999,0
82,2,22,298,2000,0
82,2,22,298,2001,0
82,2,22,298,2002,0
82,2,22,298,2003,0
82,2,22,298,2004,0
82,2,22,298,2005,0
82,2,22,298,2006,0
82,2,22,298,2007,0
82,2,22,298,2008,0
82,2,22,298,2009,0
82,2,22,298,2010,0
82,2,22,298,2011,0
82,2,22,298,2012,0
82,2,22,298,2013,0
82,2,22,298,2014,0
82,2,22,298,2015,0
82,2,22,298,2016,0
82,3,22,298,1990,0
82,3,22,298,1991,0
82,3,22,298,1992,0
82,3,22,298,1993,0
82,3,22,298,1994,0
82,3,22,298,1995,0
82,3,22,298,1996,0
82,3,22,298,1997,0
82,3,22,298,1998,0
82,3,22,298,1999,0
82,3,22,298,2000,0
82,3,22,298,2001,0
82,3,22,298,2002,0
82,3,22,298,2003,0
82,3,22,298,2004,0
82,3,22,298,2005,0
82,3,22,298,2006,0
82,3,22,298,2007,0
82,3,22,298,2008,0
82,3,22,298,2009,0
82,3,22,298,2010,0
82,3,22,298,2011,0
82,3,22,298,2012,0
82,3,22,298,2013,0
82,3,22,298,2014,0
82,3,22,298,2015,0
82,3,22,298,2016,0
83,1,22,298,1990,0
83,1,22,298,1991,0.01
83,1,22,298,1992,0.01
83,1,22,298,1993,0.01
83,1,22,298,1994,0.01
83,1,22,298,1995,0.01
83,1,22,298,1996,0.01
83,1,22,298,1997,0
83,1,22,298,1998,0
83,1,22,298,1999,0
83,1,22,298,2000,0
83,1,22,298,2001,0
83,1,22,298,2002,0
83,1,22,298,2003,0
83,1,22,298,2004,0
83,1,22,298,2005,0
83,1,22,298,2006,0
83,1,22,298,2007,0
83,1,22,298,2008,0
83,1,22,298,2009,0
83,1,22,298,2010,0
83,1,22,298,2011,0
83,1,22,298,2012,0
83,1,22,298,2013,0
83,1,22,298,2014,0
83,1,22,298,2015,0
83,1,22,298,2016,0
83,2,22,298,1990,0
83,2,22,298,1991,0
83,2,22,298,1992,0
83,2,22,298,1993,0
83,2,22,298,1994,0
83,2,22,298,1995,0
83,2,22,298,1996,0
83,2,22,298,1997,0
83,2,22,298,1998,0
83,2,22,298,1999,0
83,2,22,298,2000,0
83,2,22,298,2001,0
83,2,22,298,2002,0
83,2,22,298,2003,0
83,2,22,298,2004,0
83,2,22,298,2005,0
83,2,22,298,2006,0
83,2,22,298,2007,0
83,2,22,298,2008,0
83,2,22,298,2009,0
83,2,22,298,2010,0
83,2,22,298,2011,0
83,2,22,298,2012,0
83,2,22,298,2013,0
83,2,22,298,2014,0
83,2,22,298,2015,0
83,2,22,298,2016,0
83,3,22,298,1990,0
83,3,22,298,1991,0
83,3,22,298,1992,0
83,3,22,298,1993,0.01
83,3,22,298,1994,0.01
83,3,22,298,1995,0.01
83,3,22,298,1996,0.01
83,3,22,298,1997,0
83,3,22,298,1998,0
83,3,22,298,1999,0
83,3,22,298,2000,0
83,3,22,298,2001,0
83,3,22,298,2002,0
83,3,22,298,2003,0
83,3,22,298,2004,0
83,3,22,298,2005,0
83,3,22,298,2006,0
83,3,22,298,2007,0
83,3,22,298,2008,0
83,3,22,298,2009,0
83,3,22,298,2010,0
83,3,22,298,2011,0
83,3,22,298,2012,0
83,3,22,298,2013,0
83,3,22,298,2014,0
83,3,22,298,2015,0
83,3,22,298,2016,0
84,1,22,298,1990,0
84,1,22,298,1991,0
84,1,22,298,1992,0
84,1,22,298,1993,0.01
84,1,22,298,1994,0
84,1,22,298,1995,0.01
84,1,22,298,1996,0
84,1,22,298,1997,0
84,1,22,298,1998,0
84,1,22,298,1999,0
84,1,22,298,2000,0
84,1,22,298,2001,0
84,1,22,298,2002,0
84,1,22,298,2003,0
84,1,22,298,2004,0
84,1,22,298,2005,0
84,1,22,298,2006,0
84,1,22,298,2007,0
84,1,22,298,2008,0
84,1,22,298,2009,0
84,1,22,298,2010,0
84,1,22,298,2011,0
84,1,22,298,2012,0
84,1,22,298,2013,0
84,1,22,298,2014,0
84,1,22,298,2015,0
84,1,22,298,2016,0
84,2,22,298,1990,0
84,2,22,298,1991,0
84,2,22,298,1992,0
84,2,22,298,1993,0
84,2,22,298,1994,0
84,2,22,298,1995,0
84,2,22,298,1996,0
84,2,22,298,1997,0
84,2,22,298,1998,0
84,2,22,298,1999,0
84,2,22,298,2000,0
84,2,22,298,2001,0
84,2,22,298,2002,0
84,2,22,298,2003,0
84,2,22,298,2004,0
84,2,22,298,2005,0
84,2,22,298,2006,0
84,2,22,298,2007,0
84,2,22,298,2008,0
84,2,22,298,2009,0
84,2,22,298,2010,0
84,2,22,298,2011,0
84,2,22,298,2012,0
84,2,22,298,2013,0
84,2,22,298,2014,0
84,2,22,298,2015,0
84,2,22,298,2016,0
84,3,22,298,1990,0
84,3,22,298,1991,0
84,3,22,298,1992,0
84,3,22,298,1993,0
84,3,22,298,1994,0
84,3,22,298,1995,0
84,3,22,298,1996,0
84,3,22,298,1997,0
84,3,22,298,1998,0
84,3,22,298,1999,0
84,3,22,298,2000,0
84,3,22,298,2001,0
84,3,22,298,2002,0
84,3,22,298,2003,0
84,3,22,298,2004,0
84,3,22,298,2005,0
84,3,22,298,2006,0
84,3,22,298,2007,0
84,3,22,298,2008,0
84,3,22,298,2009,0
84,3,22,298,2010,0
84,3,22,298,2011,0
84,3,22,298,2012,0
84,3,22,298,2013,0
84,3,22,298,2014,0
84,3,22,298,2015,0
84,3,22,298,2016,0
85,1,22,298,1990,0
85,1,22,298,1991,0
85,1,22,298,1992,0
85,1,22,298,1993,0.01
85,1,22,298,1994,0
85,1,22,298,1995,0.01
85,1,22,298,1996,0
85,1,22,298,1997,0
85,1,22,298,1998,0
85,1,22,298,1999,0
85,1,22,298,2000,0
85,1,22,298,2001,0
85,1,22,298,2002,0
85,1,22,298,2003,0
85,1,22,298,2004,0
85,1,22,298,2005,0
85,1,22,298,2006,0
85,1,22,298,2007,0
85,1,22,298,2008,0
85,1,22,298,2009,0
85,1,22,298,2010,0
85,1,22,298,2011,0
85,1,22,298,2012,0
85,1,22,298,2013,0
85,1,22,298,2014,0
85,1,22,298,2015,0
85,1,22,298,2016,0
85,2,22,298,1990,0
85,2,22,298,1991,0
85,2,22,298,1992,0
85,2,22,298,1993,0
85,2,22,298,1994,0
85,2,22,298,1995,0
85,2,22,298,1996,0
85,2,22,298,1997,0
85,2,22,298,1998,0
85,2,22,298,1999,0
85,2,22,298,2000,0
85,2,22,298,2001,0
85,2,22,298,2002,0
85,2,22,298,2003,0
85,2,22,298,2004,0
85,2,22,298,2005,0
85,2,22,298,2006,0
85,2,22,298,2007,0
85,2,22,298,2008,0
85,2,22,298,2009,0
85,2,22,298,2010,0
85,2,22,298,2011,0
85,2,22,298,2012,0
85,2,22,298,2013,0
85,2,22,298,2014,0
85,2,22,298,2015,0
85,2,22,298,2016,0
85,3,22,298,1990,0
85,3,22,298,1991,0
85,3,22,298,1992,0
85,3,22,298,1993,0
85,3,22,298,1994,0
85,3,22,298,1995,0
85,3,22,298,1996,0
85,3,22,298,1997,0
85,3,22,298,1998,0
85,3,22,298,1999,0
85,3,22,298,2000,0
85,3,22,298,2001,0
85,3,22,298,2002,0
85,3,22,298,2003,0
85,3,22,298,2004,0
85,3,22,298,2005,0
85,3,22,298,2006,0
85,3,22,298,2007,0
85,3,22,298,2008,0
85,3,22,298,2009,0
85,3,22,298,2010,0
85,3,22,298,2011,0
85,3,22,298,2012,0
85,3,22,298,2013,0
85,3,22,298,2014,0
85,3,22,298,2015,0
85,3,22,298,2016,0
86,1,22,298,1990,0.01
86,1,22,298,1991,0.02
86,1,22,298,1992,0.02
86,1,22,298,1993,0.03
86,1,22,298,1994,0.03
86,1,22,298,1995,0.03
86,1,22,298,1996,0.03
86,1,22,298,1997,0.02
86,1,22,298,1998,0.01
86,1,22,298,1999,0.01
86,1,22,298,2000,0.01
86,1,22,298,2001,0.01
86,1,22,298,2002,0.01
86,1,22,298,2003,0.01
86,1,22,298,2004,0.01
86,1,22,298,2005,0.01
86,1,22,298,2006,0.01
86,1,22,298,2007,0.01
86,1,22,298,2008,0.01
86,1,22,298,2009,0.01
86,1,22,298,2010,0.01
86,1,22,298,2011,0
86,1,22,298,2012,0.01
86,1,22,298,2013,0
86,1,22,298,2014,0
86,1,22,298,2015,0
86,1,22,298,2016,0
86,2,22,298,1990,0
86,2,22,298,1991,0.01
86,2,22,298,1992,0.01
86,2,22,298,1993,0.01
86,2,22,298,1994,0.01
86,2,22,298,1995,0.01
86,2,22,298,1996,0.01
86,2,22,298,1997,0.01
86,2,22,298,1998,0
86,2,22,298,1999,0
86,2,22,298,2000,0
86,2,22,298,2001,0
86,2,22,298,2002,0
86,2,22,298,2003,0
86,2,22,298,2004,0
86,2,22,298,2005,0
86,2,22,298,2006,0
86,2,22,298,2007,0
86,2,22,298,2008,0
86,2,22,298,2009,0
86,2,22,298,2010,0
86,2,22,298,2011,0
86,2,22,298,2012,0
86,2,22,298,2013,0
86,2,22,298,2014,0
86,2,22,298,2015,0
86,2,22,298,2016,0
86,3,22,298,1990,0.01
86,3,22,298,1991,0.01
86,3,22,298,1992,0.02
86,3,22,298,1993,0.02
86,3,22,298,1994,0.02
86,3,22,298,1995,0.02
86,3,22,298,1996,0.02
86,3,22,298,1997,0.01
86,3,22,298,1998,0.01
86,3,22,298,1999,0.01
86,3,22,298,2000,0
86,3,22,298,2001,0.01
86,3,22,298,2002,0.01
86,3,22,298,2003,0.01
86,3,22,298,2004,0.01
86,3,22,298,2005,0.01
86,3,22,298,2006,0
86,3,22,298,2007,0
86,3,22,298,2008,0
86,3,22,298,2009,0
86,3,22,298,2010,0
86,3,22,298,2011,0
86,3,22,298,2012,0
86,3,22,298,2013,0
86,3,22,298,2014,0
86,3,22,298,2015,0
86,3,22,298,2016,0
87,1,22,298,1990,0
87,1,22,298,1991,0.01
87,1,22,298,1992,0.01
87,1,22,298,1993,0.01
87,1,22,298,1994,0.01
87,1,22,298,1995,0.01
87,1,22,298,1996,0.01
87,1,22,298,1997,0.01
87,1,22,298,1998,0
87,1,22,298,1999,0
87,1,22,298,2000,0
87,1,22,298,2001,0
87,1,22,298,2002,0
87,1,22,298,2003,0
87,1,22,298,2004,0
87,1,22,298,2005,0
87,1,22,298,2006,0
87,1,22,298,2007,0
87,1,22,298,2008,0
87,1,22,298,2009,0
87,1,22,298,2010,0
87,1,22,298,2011,0
87,1,22,298,2012,0
87,1,22,298,2013,0
87,1,22,298,2014,0
87,1,22,298,2015,0
87,1,22,298,2016,0
87,2,22,298,1990,0
87,2,22,298,1991,0
87,2,22,298,1992,0
87,2,22,298,1993,0
87,2,22,298,1994,0
87,2,22,298,1995,0
87,2,22,298,1996,0
87,2,22,298,1997,0
87,2,22,298,1998,0
87,2,22,298,1999,0
87,2,22,298,2000,0
87,2,22,298,2001,0
87,2,22,298,2002,0
87,2,22,298,2003,0
87,2,22,298,2004,0
87,2,22,298,2005,0
87,2,22,298,2006,0
87,2,22,298,2007,0
87,2,22,298,2008,0
87,2,22,298,2009,0
87,2,22,298,2010,0
87,2,22,298,2011,0
87,2,22,298,2012,0
87,2,22,298,2013,0
87,2,22,298,2014,0
87,2,22,298,2015,0
87,2,22,298,2016,0
87,3,22,298,1990,0
87,3,22,298,1991,0
87,3,22,298,1992,0
87,3,22,298,1993,0.01
87,3,22,298,1994,0.01
87,3,22,298,1995,0.01
87,3,22,298,1996,0.01
87,3,22,298,1997,0
87,3,22,298,1998,0
87,3,22,298,1999,0
87,3,22,298,2000,0
87,3,22,298,2001,0
87,3,22,298,2002,0
87,3,22,298,2003,0
87,3,22,298,2004,0
87,3,22,298,2005,0
87,3,22,298,2006,0
87,3,22,298,2007,0
87,3,22,298,2008,0
87,3,22,298,2009,0
87,3,22,298,2010,0
87,3,22,298,2011,0
87,3,22,298,2012,0
87,3,22,298,2013,0
87,3,22,298,2014,0
87,3,22,298,2015,0
87,3,22,298,2016,0
88,1,22,298,1990,0
88,1,22,298,1991,0
88,1,22,298,1992,0.01
88,1,22,298,1993,0.01
88,1,22,298,1994,0.01
88,1,22,298,1995,0.01
88,1,22,298,1996,0.01
88,1,22,298,1997,0
88,1,22,298,1998,0
88,1,22,298,1999,0
88,1,22,298,2000,0
88,1,22,298,2001,0
88,1,22,298,2002,0
88,1,22,298,2003,0
88,1,22,298,2004,0
88,1,22,298,2005,0
88,1,22,298,2006,0
88,1,22,298,2007,0
88,1,22,298,2008,0
88,1,22,298,2009,0
88,1,22,298,2010,0
88,1,22,298,2011,0
88,1,22,298,2012,0
88,1,22,298,2013,0
88,1,22,298,2014,0
88,1,22,298,2015,0
88,1,22,298,2016,0
88,2,22,298,1990,0
88,2,22,298,1991,0
88,2,22,298,1992,0
88,2,22,298,1993,0
88,2,22,298,1994,0
88,2,22,298,1995,0
88,2,22,298,1996,0
88,2,22,298,1997,0
88,2,22,298,1998,0
88,2,22,298,1999,0
88,2,22,298,2000,0
88,2,22,298,2001,0
88,2,22,298,2002,0
88,2,22,298,2003,0
88,2,22,298,2004,0
88,2,22,298,2005,0
88,2,22,298,2006,0
88,2,22,298,2007,0
88,2,22,298,2008,0
88,2,22,298,2009,0
88,2,22,298,2010,0
88,2,22,298,2011,0
88,2,22,298,2012,0
88,2,22,298,2013,0
88,2,22,298,2014,0
88,2,22,298,2015,0
88,2,22,298,2016,0
88,3,22,298,1990,0
88,3,22,298,1991,0
88,3,22,298,1992,0
88,3,22,298,1993,0
88,3,22,298,1994,0
88,3,22,298,1995,0.01
88,3,22,298,1996,0
88,3,22,298,1997,0
88,3,22,298,1998,0
88,3,22,298,1999,0
88,3,22,298,2000,0
88,3,22,298,2001,0
88,3,22,298,2002,0
88,3,22,298,2003,0
88,3,22,298,2004,0
88,3,22,298,2005,0
88,3,22,298,2006,0
88,3,22,298,2007,0
88,3,22,298,2008,0
88,3,22,298,2009,0
88,3,22,298,2010,0
88,3,22,298,2011,0
88,3,22,298,2012,0
88,3,22,298,2013,0
88,3,22,298,2014,0
88,3,22,298,2015,0
88,3,22,298,2016,0
89,1,22,298,1990,0.01
89,1,22,298,1991,0.01
89,1,22,298,1992,0.01
89,1,22,298,1993,0.01
89,1,22,298,1994,0.02
89,1,22,298,1995,0.01
89,1,22,298,1996,0.01
89,1,22,298,1997,0.01
89,1,22,298,1998,0
89,1,22,298,1999,0
89,1,22,298,2000,0
89,1,22,298,2001,0
89,1,22,298,2002,0
89,1,22,298,2003,0
89,1,22,298,2004,0
89,1,22,298,2005,0
89,1,22,298,2006,0
89,1,22,298,2007,0
89,1,22,298,2008,0
89,1,22,298,2009,0
89,1,22,298,2010,0
89,1,22,298,2011,0
89,1,22,298,2012,0
89,1,22,298,2013,0
89,1,22,298,2014,0
89,1,22,298,2015,0
89,1,22,298,2016,0
89,2,22,298,1990,0
89,2,22,298,1991,0
89,2,22,298,1992,0
89,2,22,298,1993,0
89,2,22,298,1994,0
89,2,22,298,1995,0
89,2,22,298,1996,0
89,2,22,298,1997,0
89,2,22,298,1998,0
89,2,22,298,1999,0
89,2,22,298,2000,0
89,2,22,298,2001,0
89,2,22,298,2002,0
89,2,22,298,2003,0
89,2,22,298,2004,0
89,2,22,298,2005,0
89,2,22,298,2006,0
89,2,22,298,2007,0
89,2,22,298,2008,0
89,2,22,298,2009,0
89,2,22,298,2010,0
89,2,22,298,2011,0
89,2,22,298,2012,0
89,2,22,298,2013,0
89,2,22,298,2014,0
89,2,22,298,2015,0
89,2,22,298,2016,0
89,3,22,298,1990,0.01
89,3,22,298,1991,0.01
89,3,22,298,1992,0.01
89,3,22,298,1993,0.01
89,3,22,298,1994,0.01
89,3,22,298,1995,0.01
89,3,22,298,1996,0.01
89,3,22,298,1997,0
89,3,22,298,1998,0
89,3,22,298,1999,0
89,3,22,298,2000,0
89,3,22,298,2001,0
89,3,22,298,2002,0
89,3,22,298,2003,0
89,3,22,298,2004,0
89,3,22,298,2005,0
89,3,22,298,2006,0
89,3,22,298,2007,0
89,3,22,298,2008,0
89,3,22,298,2009,0
89,3,22,298,2010,0
89,3,22,298,2011,0
89,3,22,298,2012,0
89,3,22,298,2013,0
89,3,22,298,2014,0
89,3,22,298,2015,0
89,3,22,298,2016,0
90,1,22,298,1990,0
90,1,22,298,1991,0
90,1,22,298,1992,0
90,1,22,298,1993,0.01
90,1,22,298,1994,0
90,1,22,298,1995,0
90,1,22,298,1996,0
90,1,22,298,1997,0
90,1,22,298,1998,0
90,1,22,298,1999,0
90,1,22,298,2000,0
90,1,22,298,2001,0
90,1,22,298,2002,0
90,1,22,298,2003,0
90,1,22,298,2004,0
90,1,22,298,2005,0
90,1,22,298,2006,0
90,1,22,298,2007,0
90,1,22,298,2008,0
90,1,22,298,2009,0
90,1,22,298,2010,0
90,1,22,298,2011,0
90,1,22,298,2012,0
90,1,22,298,2013,0
90,1,22,298,2014,0
90,1,22,298,2015,0
90,1,22,298,2016,0
90,2,22,298,1990,0
90,2,22,298,1991,0
90,2,22,298,1992,0
90,2,22,298,1993,0
90,2,22,298,1994,0
90,2,22,298,1995,0
90,2,22,298,1996,0
90,2,22,298,1997,0
90,2,22,298,1998,0
90,2,22,298,1999,0
90,2,22,298,2000,0
90,2,22,298,2001,0
90,2,22,298,2002,0
90,2,22,298,2003,0
90,2,22,298,2004,0
90,2,22,298,2005,0
90,2,22,298,2006,0
90,2,22,298,2007,0
90,2,22,298,2008,0
90,2,22,298,2009,0
90,2,22,298,2010,0
90,2,22,298,2011,0
90,2,22,298,2012,0
90,2,22,298,2013,0
90,2,22,298,2014,0
90,2,22,298,2015,0
90,2,22,298,2016,0
90,3,22,298,1990,0
90,3,22,298,1991,0
90,3,22,298,1992,0
90,3,22,298,1993,0
90,3,22,298,1994,0
90,3,22,298,1995,0
90,3,22,298,1996,0
90,3,22,298,1997,0
90,3,22,298,1998,0
90,3,22,298,1999,0
90,3,22,298,2000,0
90,3,22,298,2001,0
90,3,22,298,2002,0
90,3,22,298,2003,0
90,3,22,298,2004,0
90,3,22,298,2005,0
90,3,22,298,2006,0
90,3,22,298,2007,0
90,3,22,298,2008,0
90,3,22,298,2009,0
90,3,22,298,2010,0
90,3,22,298,2011,0
90,3,22,298,2012,0
90,3,22,298,2013,0
90,3,22,298,2014,0
90,3,22,298,2015,0
90,3,22,298,2016,0
91,1,22,298,1990,0.01
91,1,22,298,1991,0.01
91,1,22,298,1992,0.01
91,1,22,298,1993,0.02
91,1,22,298,1994,0.03
91,1,22,298,1995,0.04
91,1,22,298,1996,0.04
91,1,22,298,1997,0.04
91,1,22,298,1998,0.04
91,1,22,298,1999,0.04
91,1,22,298,2000,0.04
91,1,22,298,2001,0.04
91,1,22,298,2002,0.04
91,1,22,298,2003,0.03
91,1,22,298,2004,0.03
91,1,22,298,2005,0.03
91,1,22,298,2006,0.03
91,1,22,298,2007,0.03
91,1,22,298,2008,0.03
91,1,22,298,2009,0.02
91,1,22,298,2010,0.02
91,1,22,298,2011,0.02
91,1,22,298,2012,0.02
91,1,22,298,2013,0.02
91,1,22,298,2014,0.01
91,1,22,298,2015,0.02
91,1,22,298,2016,0.02
91,2,22,298,1990,0
91,2,22,298,1991,0
91,2,22,298,1992,0
91,2,22,298,1993,0
91,2,22,298,1994,0.01
91,2,22,298,1995,0.01
91,2,22,298,1996,0.01
91,2,22,298,1997,0.01
91,2,22,298,1998,0.01
91,2,22,298,1999,0.01
91,2,22,298,2000,0.01
91,2,22,298,2001,0.01
91,2,22,298,2002,0.01
91,2,22,298,2003,0.01
91,2,22,298,2004,0.01
91,2,22,298,2005,0.01
91,2,22,298,2006,0.01
91,2,22,298,2007,0.01
91,2,22,298,2008,0.01
91,2,22,298,2009,0.01
91,2,22,298,2010,0.01
91,2,22,298,2011,0.01
91,2,22,298,2012,0.01
91,2,22,298,2013,0.01
91,2,22,298,2014,0.01
91,2,22,298,2015,0.01
91,2,22,298,2016,0.01
91,3,22,298,1990,0
91,3,22,298,1991,0.01
91,3,22,298,1992,0.01
91,3,22,298,1993,0.01
91,3,22,298,1994,0.02
91,3,22,298,1995,0.03
91,3,22,298,1996,0.03
91,3,22,298,1997,0.03
91,3,22,298,1998,0.03
91,3,22,298,1999,0.03
91,3,22,298,2000,0.03
91,3,22,298,2001,0.03
91,3,22,298,2002,0.03
91,3,22,298,2003,0.03
91,3,22,298,2004,0.02
91,3,22,298,2005,0.03
91,3,22,298,2006,0.02
91,3,22,298,2007,0.02
91,3,22,298,2008,0.02
91,3,22,298,2009,0.02
91,3,22,298,2010,0.02
91,3,22,298,2011,0.02
91,3,22,298,2012,0.01
91,3,22,298,2013,0.01
91,3,22,298,2014,0.01
91,3,22,298,2015,0.01
91,3,22,298,2016,0.01
92,1,22,298,1990,0.02
92,1,22,298,1991,0.03
92,1,22,298,1992,0.04
92,1,22,298,1993,0.05
92,1,22,298,1994,0.05
92,1,22,298,1995,0.06
92,1,22,298,1996,0.06
92,1,22,298,1997,0.03
92,1,22,298,1998,0.02
92,1,22,298,1999,0.02
92,1,22,298,2000,0.02
92,1,22,298,2001,0.02
92,1,22,298,2002,0.02
92,1,22,298,2003,0.02
92,1,22,298,2004,0.02
92,1,22,298,2005,0.01
92,1,22,298,2006,0.01
92,1,22,298,2007,0.01
92,1,22,298,2008,0.01
92,1,22,298,2009,0.01
92,1,22,298,2010,0.01
92,1,22,298,2011,0.01
92,1,22,298,2012,0.01
92,1,22,298,2013,0.01
92,1,22,298,2014,0.01
92,1,22,298,2015,0.01
92,1,22,298,2016,0.01
92,2,22,298,1990,0.01
92,2,22,298,1991,0.01
92,2,22,298,1992,0.01
92,2,22,298,1993,0.02
92,2,22,298,1994,0.02
92,2,22,298,1995,0.02
92,2,22,298,1996,0.02
92,2,22,298,1997,0.01
92,2,22,298,1998,0.01
92,2,22,298,1999,0.01
92,2,22,298,2000,0.01
92,2,22,298,2001,0.01
92,2,22,298,2002,0.01
92,2,22,298,2003,0.01
92,2,22,298,2004,0.01
92,2,22,298,2005,0.01
92,2,22,298,2006,0.01
92,2,22,298,2007,0.01
92,2,22,298,2008,0.01
92,2,22,298,2009,0
92,2,22,298,2010,0
92,2,22,298,2011,0
92,2,22,298,2012,0
92,2,22,298,2013,0
92,2,22,298,2014,0
92,2,22,298,2015,0
92,2,22,298,2016,0
92,3,22,298,1990,0.02
92,3,22,298,1991,0.02
92,3,22,298,1992,0.03
92,3,22,298,1993,0.04
92,3,22,298,1994,0.04
92,3,22,298,1995,0.05
92,3,22,298,1996,0.05
92,3,22,298,1997,0.03
92,3,22,298,1998,0.02
92,3,22,298,1999,0.02
92,3,22,298,2000,0.01
92,3,22,298,2001,0.01
92,3,22,298,2002,0.01
92,3,22,298,2003,0.01
92,3,22,298,2004,0.01
92,3,22,298,2005,0.01
92,3,22,298,2006,0.01
92,3,22,298,2007,0.01
92,3,22,298,2008,0.01
92,3,22,298,2009,0.01
92,3,22,298,2010,0.01
92,3,22,298,2011,0.01
92,3,22,298,2012,0.01
92,3,22,298,2013,0.01
92,3,22,298,2014,0
92,3,22,298,2015,0.01
92,3,22,298,2016,0.01
93,1,22,298,1990,0
93,1,22,298,1991,0
93,1,22,298,1992,0
93,1,22,298,1993,0
93,1,22,298,1994,0.01
93,1,22,298,1995,0.01
93,1,22,298,1996,0.01
93,1,22,298,1997,0
93,1,22,298,1998,0
93,1,22,298,1999,0
93,1,22,298,2000,0
93,1,22,298,2001,0
93,1,22,298,2002,0
93,1,22,298,2003,0
93,1,22,298,2004,0
93,1,22,298,2005,0
93,1,22,298,2006,0
93,1,22,298,2007,0
93,1,22,298,2008,0
93,1,22,298,2009,0
93,1,22,298,2010,0
93,1,22,298,2011,0
93,1,22,298,2012,0
93,1,22,298,2013,0
93,1,22,298,2014,0
93,1,22,298,2015,0
93,1,22,298,2016,0
93,2,22,298,1990,0
93,2,22,298,1991,0
93,2,22,298,1992,0
93,2,22,298,1993,0
93,2,22,298,1994,0
93,2,22,298,1995,0
93,2,22,298,1996,0
93,2,22,298,1997,0
93,2,22,298,1998,0
93,2,22,298,1999,0
93,2,22,298,2000,0
93,2,22,298,2001,0
93,2,22,298,2002,0
93,2,22,298,2003,0
93,2,22,298,2004,0
93,2,22,298,2005,0
93,2,22,298,2006,0
93,2,22,298,2007,0
93,2,22,298,2008,0
93,2,22,298,2009,0
93,2,22,298,2010,0
93,2,22,298,2011,0
93,2,22,298,2012,0
93,2,22,298,2013,0
93,2,22,298,2014,0
93,2,22,298,2015,0
93,2,22,298,2016,0
93,3,22,298,1990,0
93,3,22,298,1991,0
93,3,22,298,1992,0
93,3,22,298,1993,0
93,3,22,298,1994,0
93,3,22,298,1995,0
93,3,22,298,1996,0
93,3,22,298,1997,0
93,3,22,298,1998,0
93,3,22,298,1999,0
93,3,22,298,2000,0
93,3,22,298,2001,0
93,3,22,298,2002,0
93,3,22,298,2003,0
93,3,22,298,2004,0
93,3,22,298,2005,0
93,3,22,298,2006,0
93,3,22,298,2007,0
93,3,22,298,2008,0
93,3,22,298,2009,0
93,3,22,298,2010,0
93,3,22,298,2011,0
93,3,22,298,2012,0
93,3,22,298,2013,0
93,3,22,298,2014,0
93,3,22,298,2015,0
93,3,22,298,2016,0
94,1,22,298,1990,0.01
94,1,22,298,1991,0.01
94,1,22,298,1992,0.01
94,1,22,298,1993,0.01
94,1,22,298,1994,0.02
94,1,22,298,1995,0.03
94,1,22,298,1996,0.02
94,1,22,298,1997,0.01
94,1,22,298,1998,0.01
94,1,22,298,1999,0.01
94,1,22,298,2000,0.01
94,1,22,298,2001,0.01
94,1,22,298,2002,0.01
94,1,22,298,2003,0.01
94,1,22,298,2004,0.01
94,1,22,298,2005,0
94,1,22,298,2006,0
94,1,22,298,2007,0
94,1,22,298,2008,0
94,1,22,298,2009,0
94,1,22,298,2010,0
94,1,22,298,2011,0
94,1,22,298,2012,0
94,1,22,298,2013,0
94,1,22,298,2014,0
94,1,22,298,2015,0
94,1,22,298,2016,0
94,2,22,298,1990,0
94,2,22,298,1991,0.01
94,2,22,298,1992,0.01
94,2,22,298,1993,0.01
94,2,22,298,1994,0.01
94,2,22,298,1995,0.02
94,2,22,298,1996,0.01
94,2,22,298,1997,0.01
94,2,22,298,1998,0.01
94,2,22,298,1999,0.01
94,2,22,298,2000,0.01
94,2,22,298,2001,0
94,2,22,298,2002,0
94,2,22,298,2003,0
94,2,22,298,2004,0
94,2,22,298,2005,0
94,2,22,298,2006,0
94,2,22,298,2007,0
94,2,22,298,2008,0
94,2,22,298,2009,0
94,2,22,298,2010,0
94,2,22,298,2011,0
94,2,22,298,2012,0
94,2,22,298,2013,0
94,2,22,298,2014,0
94,2,22,298,2015,0
94,2,22,298,2016,0
94,3,22,298,1990,0.01
94,3,22,298,1991,0.01
94,3,22,298,1992,0.01
94,3,22,298,1993,0.01
94,3,22,298,1994,0.01
94,3,22,298,1995,0.03
94,3,22,298,1996,0.02
94,3,22,298,1997,0.01
94,3,22,298,1998,0.01
94,3,22,298,1999,0.01
94,3,22,298,2000,0.01
94,3,22,298,2001,0.01
94,3,22,298,2002,0.01
94,3,22,298,2003,0
94,3,22,298,2004,0
94,3,22,298,2005,0
94,3,22,298,2006,0
94,3,22,298,2007,0
94,3,22,298,2008,0
94,3,22,298,2009,0
94,3,22,298,2010,0
94,3,22,298,2011,0
94,3,22,298,2012,0
94,3,22,298,2013,0
94,3,22,298,2014,0
94,3,22,298,2015,0
94,3,22,298,2016,0
95,1,22,298,1990,0
95,1,22,298,1991,0
95,1,22,298,1992,0
95,1,22,298,1993,0
95,1,22,298,1994,0.01
95,1,22,298,1995,0
95,1,22,298,1996,0
95,1,22,298,1997,0
95,1,22,298,1998,0
95,1,22,298,1999,0
95,1,22,298,2000,0
95,1,22,298,2001,0
95,1,22,298,2002,0
95,1,22,298,2003,0
95,1,22,298,2004,0
95,1,22,298,2005,0
95,1,22,298,2006,0
95,1,22,298,2007,0
95,1,22,298,2008,0
95,1,22,298,2009,0
95,1,22,298,2010,0
95,1,22,298,2011,0
95,1,22,298,2012,0
95,1,22,298,2013,0
95,1,22,298,2014,0
95,1,22,298,2015,0
95,1,22,298,2016,0
95,2,22,298,1990,0
95,2,22,298,1991,0
95,2,22,298,1992,0
95,2,22,298,1993,0
95,2,22,298,1994,0
95,2,22,298,1995,0
95,2,22,298,1996,0
95,2,22,298,1997,0
95,2,22,298,1998,0
95,2,22,298,1999,0
95,2,22,298,2000,0
95,2,22,298,2001,0
95,2,22,298,2002,0
95,2,22,298,2003,0
95,2,22,298,2004,0
95,2,22,298,2005,0
95,2,22,298,2006,0
95,2,22,298,2007,0
95,2,22,298,2008,0
95,2,22,298,2009,0
95,2,22,298,2010,0
95,2,22,298,2011,0
95,2,22,298,2012,0
95,2,22,298,2013,0
95,2,22,298,2014,0
95,2,22,298,2015,0
95,2,22,298,2016,0
95,3,22,298,1990,0
95,3,22,298,1991,0
95,3,22,298,1992,0
95,3,22,298,1993,0
95,3,22,298,1994,0
95,3,22,298,1995,0
95,3,22,298,1996,0
95,3,22,298,1997,0
95,3,22,298,1998,0
95,3,22,298,1999,0
95,3,22,298,2000,0
95,3,22,298,2001,0
95,3,22,298,2002,0
95,3,22,298,2003,0
95,3,22,298,2004,0
95,3,22,298,2005,0
95,3,22,298,2006,0
95,3,22,298,2007,0
95,3,22,298,2008,0
95,3,22,298,2009,0
95,3,22,298,2010,0
95,3,22,298,2011,0
95,3,22,298,2012,0
95,3,22,298,2013,0
95,3,22,298,2014,0
95,3,22,298,2015,0
95,3,22,298,2016,0
97,1,22,298,1990,0.01
97,1,22,298,1991,0.01
97,1,22,298,1992,0.01
97,1,22,298,1993,0.01
97,1,22,298,1994,0.01
97,1,22,298,1995,0.02
97,1,22,298,1996,0.02
97,1,22,298,1997,0.02
97,1,22,298,1998,0.02
97,1,22,298,1999,0.02
97,1,22,298,2000,0.02
97,1,22,298,2001,0.02
97,1,22,298,2002,0.02
97,1,22,298,2003,0.02
97,1,22,298,2004,0.01
97,1,22,298,2005,0.01
97,1,22,298,2006,0.01
97,1,22,298,2007,0.01
97,1,22,298,2008,0.01
97,1,22,298,2009,0.01
97,1,22,298,2010,0.01
97,1,22,298,2011,0.01
97,1,22,298,2012,0.01
97,1,22,298,2013,0.01
97,1,22,298,2014,0.01
97,1,22,298,2015,0.01
97,1,22,298,2016,0.01
97,2,22,298,1990,0
97,2,22,298,1991,0
97,2,22,298,1992,0
97,2,22,298,1993,0
97,2,22,298,1994,0.01
97,2,22,298,1995,0.01
97,2,22,298,1996,0.01
97,2,22,298,1997,0.01
97,2,22,298,1998,0.01
97,2,22,298,1999,0.01
97,2,22,298,2000,0.01
97,2,22,298,2001,0.01
97,2,22,298,2002,0.01
97,2,22,298,2003,0.01
97,2,22,298,2004,0.01
97,2,22,298,2005,0.01
97,2,22,298,2006,0.01
97,2,22,298,2007,0.01
97,2,22,298,2008,0.01
97,2,22,298,2009,0.01
97,2,22,298,2010,0.01
97,2,22,298,2011,0.01
97,2,22,298,2012,0.01
97,2,22,298,2013,0.01
97,2,22,298,2014,0.01
97,2,22,298,2015,0.01
97,2,22,298,2016,0.01
97,3,22,298,1990,0
97,3,22,298,1991,0.01
97,3,22,298,1992,0.01
97,3,22,298,1993,0.01
97,3,22,298,1994,0.01
97,3,22,298,1995,0.01
97,3,22,298,1996,0.01
97,3,22,298,1997,0.02
97,3,22,298,1998,0.01
97,3,22,298,1999,0.01
97,3,22,298,2000,0.01
97,3,22,298,2001,0.01
97,3,22,298,2002,0.01
97,3,22,298,2003,0.01
97,3,22,298,2004,0.01
97,3,22,298,2005,0.01
97,3,22,298,2006,0.01
97,3,22,298,2007,0.01
97,3,22,298,2008,0.01
97,3,22,298,2009,0.01
97,3,22,298,2010,0.01
97,3,22,298,2011,0.01
97,3,22,298,2012,0.01
97,3,22,298,2013,0.01
97,3,22,298,2014,0.01
97,3,22,298,2015,0.01
97,3,22,298,2016,0.01
98,1,22,298,1990,0
98,1,22,298,1991,0
98,1,22,298,1992,0
98,1,22,298,1993,0.01
98,1,22,298,1994,0.01
98,1,22,298,1995,0.01
98,1,22,298,1996,0.01
98,1,22,298,1997,0.02
98,1,22,298,1998,0.02
98,1,22,298,1999,0.02
98,1,22,298,2000,0.02
98,1,22,298,2001,0.02
98,1,22,298,2002,0.02
98,1,22,298,2003,0.02
98,1,22,298,2004,0.02
98,1,22,298,2005,0.01
98,1,22,298,2006,0.01
98,1,22,298,2007,0.01
98,1,22,298,2008,0.01
98,1,22,298,2009,0.01
98,1,22,298,2010,0.01
98,1,22,298,2011,0.02
98,1,22,298,2012,0.01
98,1,22,298,2013,0.02
98,1,22,298,2014,0.02
98,1,22,298,2015,0.01
98,1,22,298,2016,0.01
98,2,22,298,1990,0
98,2,22,298,1991,0
98,2,22,298,1992,0
98,2,22,298,1993,0
98,2,22,298,1994,0
98,2,22,298,1995,0
98,2,22,298,1996,0
98,2,22,298,1997,0
98,2,22,298,1998,0
98,2,22,298,1999,0
98,2,22,298,2000,0
98,2,22,298,2001,0.01
98,2,22,298,2002,0
98,2,22,298,2003,0
98,2,22,298,2004,0
98,2,22,298,2005,0
98,2,22,298,2006,0
98,2,22,298,2007,0
98,2,22,298,2008,0
98,2,22,298,2009,0
98,2,22,298,2010,0
98,2,22,298,2011,0.01
98,2,22,298,2012,0.01
98,2,22,298,2013,0
98,2,22,298,2014,0.01
98,2,22,298,2015,0
98,2,22,298,2016,0
98,3,22,298,1990,0
98,3,22,298,1991,0
98,3,22,298,1992,0
98,3,22,298,1993,0.01
98,3,22,298,1994,0.01
98,3,22,298,1995,0.01
98,3,22,298,1996,0.01
98,3,22,298,1997,0.01
98,3,22,298,1998,0.01
98,3,22,298,1999,0.01
98,3,22,298,2000,0.01
98,3,22,298,2001,0.01
98,3,22,298,2002,0.01
98,3,22,298,2003,0.01
98,3,22,298,2004,0.01
98,3,22,298,2005,0.01
98,3,22,298,2006,0.01
98,3,22,298,2007,0.01
98,3,22,298,2008,0.01
98,3,22,298,2009,0.01
98,3,22,298,2010,0.01
98,3,22,298,2011,0.01
98,3,22,298,2012,0.01
98,3,22,298,2013,0.01
98,3,22,298,2014,0.01
98,3,22,298,2015,0.01
98,3,22,298,2016,0.01
99,1,22,298,1990,0
99,1,22,298,1991,0
99,1,22,298,1992,0
99,1,22,298,1993,0.01
99,1,22,298,1994,0.01
99,1,22,298,1995,0.01
99,1,22,298,1996,0.01
99,1,22,298,1997,0.01
99,1,22,298,1998,0.01
99,1,22,298,1999,0.01
99,1,22,298,2000,0.01
99,1,22,298,2001,0.02
99,1,22,298,2002,0.01
99,1,22,298,2003,0.02
99,1,22,298,2004,0.01
99,1,22,298,2005,0.02
99,1,22,298,2006,0.01
99,1,22,298,2007,0.02
99,1,22,298,2008,0.02
99,1,22,298,2009,0.02
99,1,22,298,2010,0.02
99,1,22,298,2011,0.02
99,1,22,298,2012,0.02
99,1,22,298,2013,0.02
99,1,22,298,2014,0.02
99,1,22,298,2015,0.02
99,1,22,298,2016,0.02
99,2,22,298,1990,0
99,2,22,298,1991,0
99,2,22,298,1992,0
99,2,22,298,1993,0
99,2,22,298,1994,0
99,2,22,298,1995,0
99,2,22,298,1996,0
99,2,22,298,1997,0
99,2,22,298,1998,0
99,2,22,298,1999,0
99,2,22,298,2000,0
99,2,22,298,2001,0
99,2,22,298,2002,0
99,2,22,298,2003,0.01
99,2,22,298,2004,0.01
99,2,22,298,2005,0.01
99,2,22,298,2006,0
99,2,22,298,2007,0.01
99,2,22,298,2008,0.01
99,2,22,298,2009,0.01
99,2,22,298,2010,0.01
99,2,22,298,2011,0.01
99,2,22,298,2012,0.01
99,2,22,298,2013,0.01
99,2,22,298,2014,0.01
99,2,22,298,2015,0.01
99,2,22,298,2016,0.01
99,3,22,298,1990,0
99,3,22,298,1991,0
99,3,22,298,1992,0
99,3,22,298,1993,0
99,3,22,298,1994,0.01
99,3,22,298,1995,0.01
99,3,22,298,1996,0.01
99,3,22,298,1997,0.01
99,3,22,298,1998,0.01
99,3,22,298,1999,0.01
99,3,22,298,2000,0.01
99,3,22,298,2001,0.01
99,3,22,298,2002,0.01
99,3,22,298,2003,0.01
99,3,22,298,2004,0.01
99,3,22,298,2005,0.01
99,3,22,298,2006,0.01
99,3,22,298,2007,0.01
99,3,22,298,2008,0.01
99,3,22,298,2009,0.01
99,3,22,298,2010,0.01
99,3,22,298,2011,0.01
99,3,22,298,2012,0.01
99,3,22,298,2013,0.01
99,3,22,298,2014,0.01
99,3,22,298,2015,0.01
99,3,22,298,2016,0.01
101,1,22,298,1990,0.02
101,1,22,298,1991,0.02
101,1,22,298,1992,0.03
101,1,22,298,1993,0.03
101,1,22,298,1994,0.03
101,1,22,298,1995,0.03
101,1,22,298,1996,0.03
101,1,22,298,1997,0.01
101,1,22,298,1998,0.01
101,1,22,298,1999,0.01
101,1,22,298,2000,0.01
101,1,22,298,2001,0.01
101,1,22,298,2002,0.01
101,1,22,298,2003,0.01
101,1,22,298,2004,0.01
101,1,22,298,2005,0.01
101,1,22,298,2006,0.01
101,1,22,298,2007,0.01
101,1,22,298,2008,0.01
101,1,22,298,2009,0
101,1,22,298,2010,0
101,1,22,298,2011,0
101,1,22,298,2012,0
101,1,22,298,2013,0
101,1,22,298,2014,0
101,1,22,298,2015,0
101,1,22,298,2016,0
101,2,22,298,1990,0
101,2,22,298,1991,0
101,2,22,298,1992,0
101,2,22,298,1993,0
101,2,22,298,1994,0
101,2,22,298,1995,0
101,2,22,298,1996,0
101,2,22,298,1997,0
101,2,22,298,1998,0
101,2,22,298,1999,0
101,2,22,298,2000,0
101,2,22,298,2001,0
101,2,22,298,2002,0
101,2,22,298,2003,0
101,2,22,298,2004,0
101,2,22,298,2005,0
101,2,22,298,2006,0
101,2,22,298,2007,0
101,2,22,298,2008,0
101,2,22,298,2009,0
101,2,22,298,2010,0
101,2,22,298,2011,0
101,2,22,298,2012,0
101,2,22,298,2013,0
101,2,22,298,2014,0
101,2,22,298,2015,0
101,2,22,298,2016,0
101,3,22,298,1990,0.01
101,3,22,298,1991,0.02
101,3,22,298,1992,0.02
101,3,22,298,1993,0.02
101,3,22,298,1994,0.02
101,3,22,298,1995,0.02
101,3,22,298,1996,0.02
101,3,22,298,1997,0.01
101,3,22,298,1998,0.01
101,3,22,298,1999,0.01
101,3,22,298,2000,0.01
101,3,22,298,2001,0.01
101,3,22,298,2002,0.01
101,3,22,298,2003,0.01
101,3,22,298,2004,0.01
101,3,22,298,2005,0.01
101,3,22,298,2006,0.01
101,3,22,298,2007,0
101,3,22,298,2008,0
101,3,22,298,2009,0
101,3,22,298,2010,0
101,3,22,298,2011,0
101,3,22,298,2012,0
101,3,22,298,2013,0
101,3,22,298,2014,0
101,3,22,298,2015,0
101,3,22,298,2016,0
102,1,22,298,1990,0.04
102,1,22,298,1991,0.05
102,1,22,298,1992,0.06
102,1,22,298,1993,0.06
102,1,22,298,1994,0.07
102,1,22,298,1995,0.06
102,1,22,298,1996,0.05
102,1,22,298,1997,0.03
102,1,22,298,1998,0.02
102,1,22,298,1999,0.02
102,1,22,298,2000,0.02
102,1,22,298,2001,0.02
102,1,22,298,2002,0.02
102,1,22,298,2003,0.02
102,1,22,298,2004,0.02
102,1,22,298,2005,0.02
102,1,22,298,2006,0.01
102,1,22,298,2007,0.01
102,1,22,298,2008,0.01
102,1,22,298,2009,0.01
102,1,22,298,2010,0.01
102,1,22,298,2011,0.01
102,1,22,298,2012,0.01
102,1,22,298,2013,0.01
102,1,22,298,2014,0.01
102,1,22,298,2015,0.01
102,1,22,298,2016,0.01
102,2,22,298,1990,0.01
102,2,22,298,1991,0.01
102,2,22,298,1992,0.01
102,2,22,298,1993,0.02
102,2,22,298,1994,0.02
102,2,22,298,1995,0.02
102,2,22,298,1996,0.02
102,2,22,298,1997,0.01
102,2,22,298,1998,0.01
102,2,22,298,1999,0.01
102,2,22,298,2000,0.01
102,2,22,298,2001,0.01
102,2,22,298,2002,0.01
102,2,22,298,2003,0.01
102,2,22,298,2004,0.01
102,2,22,298,2005,0.01
102,2,22,298,2006,0.01
102,2,22,298,2007,0.01
102,2,22,298,2008,0.01
102,2,22,298,2009,0.01
102,2,22,298,2010,0.01
102,2,22,298,2011,0.01
102,2,22,298,2012,0
102,2,22,298,2013,0
102,2,22,298,2014,0
102,2,22,298,2015,0
102,2,22,298,2016,0
102,3,22,298,1990,0.03
102,3,22,298,1991,0.03
102,3,22,298,1992,0.04
102,3,22,298,1993,0.04
102,3,22,298,1994,0.05
102,3,22,298,1995,0.05
102,3,22,298,1996,0.03
102,3,22,298,1997,0.02
102,3,22,298,1998,0.02
102,3,22,298,1999,0.02
102,3,22,298,2000,0.02
102,3,22,298,2001,0.01
102,3,22,298,2002,0.01
102,3,22,298,2003,0.01
102,3,22,298,2004,0.01
102,3,22,298,2005,0.01
102,3,22,298,2006,0.01
102,3,22,298,2007,0.01
102,3,22,298,2008,0.01
102,3,22,298,2009,0.01
102,3,22,298,2010,0.01
102,3,22,298,2011,0.01
102,3,22,298,2012,0.01
102,3,22,298,2013,0.01
102,3,22,298,2014,0.01
102,3,22,298,2015,0.01
102,3,22,298,2016,0.01
105,1,22,298,1990,0.02
105,1,22,298,1991,0.02
105,1,22,298,1992,0.03
105,1,22,298,1993,0.04
105,1,22,298,1994,0.05
105,1,22,298,1995,0.05
105,1,22,298,1996,0.05
105,1,22,298,1997,0.04
105,1,22,298,1998,0.04
105,1,22,298,1999,0.06
105,1,22,298,2000,0.1
105,1,22,298,2001,0.08
105,1,22,298,2002,0.07
105,1,22,298,2003,0.06
105,1,22,298,2004,0.06
105,1,22,298,2005,0.05
105,1,22,298,2006,0.06
105,1,22,298,2007,0.05
105,1,22,298,2008,0.04
105,1,22,298,2009,0.04
105,1,22,298,2010,0.04
105,1,22,298,2011,0.04
105,1,22,298,2012,0.04
105,1,22,298,2013,0.03
105,1,22,298,2014,0.04
105,1,22,298,2015,0.04
105,1,22,298,2016,0.04
105,2,22,298,1990,0.01
105,2,22,298,1991,0.01
105,2,22,298,1992,0.01
105,2,22,298,1993,0.01
105,2,22,298,1994,0.02
105,2,22,298,1995,0.02
105,2,22,298,1996,0.03
105,2,22,298,1997,0.02
105,2,22,298,1998,0.02
105,2,22,298,1999,0.04
105,2,22,298,2000,0.05
105,2,22,298,2001,0.05
105,2,22,298,2002,0.05
105,2,22,298,2003,0.04
105,2,22,298,2004,0.04
105,2,22,298,2005,0.04
105,2,22,298,2006,0.04
105,2,22,298,2007,0.03
105,2,22,298,2008,0.03
105,2,22,298,2009,0.03
105,2,22,298,2010,0.03
105,2,22,298,2011,0.03
105,2,22,298,2012,0.03
105,2,22,298,2013,0.03
105,2,22,298,2014,0.03
105,2,22,298,2015,0.03
105,2,22,298,2016,0.03
105,3,22,298,1990,0.01
105,3,22,298,1991,0.01
105,3,22,298,1992,0.02
105,3,22,298,1993,0.03
105,3,22,298,1994,0.04
105,3,22,298,1995,0.04
105,3,22,298,1996,0.04
105,3,22,298,1997,0.03
105,3,22,298,1998,0.03
105,3,22,298,1999,0.05
105,3,22,298,2000,0.08
105,3,22,298,2001,0.07
105,3,22,298,2002,0.06
105,3,22,298,2003,0.05
105,3,22,298,2004,0.05
105,3,22,298,2005,0.04
105,3,22,298,2006,0.05
105,3,22,298,2007,0.04
105,3,22,298,2008,0.04
105,3,22,298,2009,0.03
105,3,22,298,2010,0.04
105,3,22,298,2011,0.04
105,3,22,298,2012,0.04
105,3,22,298,2013,0.03
105,3,22,298,2014,0.04
105,3,22,298,2015,0.03
105,3,22,298,2016,0.03
106,1,22,298,1990,0.06
106,1,22,298,1991,0.08
106,1,22,298,1992,0.11
106,1,22,298,1993,0.15
106,1,22,298,1994,0.18
106,1,22,298,1995,0.17
106,1,22,298,1996,0.19
106,1,22,298,1997,0.17
106,1,22,298,1998,0.17
106,1,22,298,1999,0.23
106,1,22,298,2000,0.22
106,1,22,298,2001,0.23
106,1,22,298,2002,0.2
106,1,22,298,2003,0.16
106,1,22,298,2004,0.15
106,1,22,298,2005,0.12
106,1,22,298,2006,0.14
106,1,22,298,2007,0.11
106,1,22,298,2008,0.1
106,1,22,298,2009,0.09
106,1,22,298,2010,0.09
106,1,22,298,2011,0.08
106,1,22,298,2012,0.08
106,1,22,298,2013,0.06
106,1,22,298,2014,0.07
106,1,22,298,2015,0.07
106,1,22,298,2016,0.07
106,2,22,298,1990,0.04
106,2,22,298,1991,0.05
106,2,22,298,1992,0.07
106,2,22,298,1993,0.08
106,2,22,298,1994,0.1
106,2,22,298,1995,0.1
106,2,22,298,1996,0.15
106,2,22,298,1997,0.12
106,2,22,298,1998,0.12
106,2,22,298,1999,0.17
106,2,22,298,2000,0.18
106,2,22,298,2001,0.17
106,2,22,298,2002,0.15
106,2,22,298,2003,0.14
106,2,22,298,2004,0.14
106,2,22,298,2005,0.12
106,2,22,298,2006,0.12
106,2,22,298,2007,0.09
106,2,22,298,2008,0.09
106,2,22,298,2009,0.09
106,2,22,298,2010,0.08
106,2,22,298,2011,0.09
106,2,22,298,2012,0.08
106,2,22,298,2013,0.08
106,2,22,298,2014,0.07
106,2,22,298,2015,0.07
106,2,22,298,2016,0.07
106,3,22,298,1990,0.05
106,3,22,298,1991,0.07
106,3,22,298,1992,0.09
106,3,22,298,1993,0.12
106,3,22,298,1994,0.15
106,3,22,298,1995,0.15
106,3,22,298,1996,0.18
106,3,22,298,1997,0.15
106,3,22,298,1998,0.15
106,3,22,298,1999,0.2
106,3,22,298,2000,0.2
106,3,22,298,2001,0.2
106,3,22,298,2002,0.18
106,3,22,298,2003,0.15
106,3,22,298,2004,0.15
106,3,22,298,2005,0.12
106,3,22,298,2006,0.13
106,3,22,298,2007,0.1
106,3,22,298,2008,0.1
106,3,22,298,2009,0.09
106,3,22,298,2010,0.09
106,3,22,298,2011,0.08
106,3,22,298,2012,0.08
106,3,22,298,2013,0.07
106,3,22,298,2014,0.07
106,3,22,298,2015,0.07
106,3,22,298,2016,0.07
107,1,22,298,1990,0.02
107,1,22,298,1991,0.03
107,1,22,298,1992,0.04
107,1,22,298,1993,0.05
107,1,22,298,1994,0.07
107,1,22,298,1995,0.07
107,1,22,298,1996,0.06
107,1,22,298,1997,0.06
107,1,22,298,1998,0.07
107,1,22,298,1999,0.07
107,1,22,298,2000,0.09
107,1,22,298,2001,0.09
107,1,22,298,2002,0.07
107,1,22,298,2003,0.04
107,1,22,298,2004,0.04
107,1,22,298,2005,0.04
107,1,22,298,2006,0.04
107,1,22,298,2007,0.04
107,1,22,298,2008,0.03
107,1,22,298,2009,0.03
107,1,22,298,2010,0.03
107,1,22,298,2011,0.03
107,1,22,298,2012,0.03
107,1,22,298,2013,0.03
107,1,22,298,2014,0.03
107,1,22,298,2015,0.02
107,1,22,298,2016,0.02
107,2,22,298,1990,0.01
107,2,22,298,1991,0.01
107,2,22,298,1992,0.01
107,2,22,298,1993,0.01
107,2,22,298,1994,0.01
107,2,22,298,1995,0.02
107,2,22,298,1996,0.02
107,2,22,298,1997,0.02
107,2,22,298,1998,0.02
107,2,22,298,1999,0.03
107,2,22,298,2000,0.04
107,2,22,298,2001,0.03
107,2,22,298,2002,0.03
107,2,22,298,2003,0.03
107,2,22,298,2004,0.03
107,2,22,298,2005,0.02
107,2,22,298,2006,0.03
107,2,22,298,2007,0.02
107,2,22,298,2008,0.02
107,2,22,298,2009,0.02
107,2,22,298,2010,0.02
107,2,22,298,2011,0.02
107,2,22,298,2012,0.02
107,2,22,298,2013,0.02
107,2,22,298,2014,0.02
107,2,22,298,2015,0.02
107,2,22,298,2016,0.02
107,3,22,298,1990,0.01
107,3,22,298,1991,0.02
107,3,22,298,1992,0.03
107,3,22,298,1993,0.03
107,3,22,298,1994,0.05
107,3,22,298,1995,0.04
107,3,22,298,1996,0.04
107,3,22,298,1997,0.04
107,3,22,298,1998,0.05
107,3,22,298,1999,0.05
107,3,22,298,2000,0.07
107,3,22,298,2001,0.06
107,3,22,298,2002,0.05
107,3,22,298,2003,0.04
107,3,22,298,2004,0.03
107,3,22,298,2005,0.03
107,3,22,298,2006,0.03
107,3,22,298,2007,0.03
107,3,22,298,2008,0.03
107,3,22,298,2009,0.03
107,3,22,298,2010,0.03
107,3,22,298,2011,0.03
107,3,22,298,2012,0.02
107,3,22,298,2013,0.02
107,3,22,298,2014,0.02
107,3,22,298,2015,0.02
107,3,22,298,2016,0.02
108,1,22,298,1990,0.02
108,1,22,298,1991,0.02
108,1,22,298,1992,0.03
108,1,22,298,1993,0.03
108,1,22,298,1994,0.04
108,1,22,298,1995,0.04
108,1,22,298,1996,0.04
108,1,22,298,1997,0.04
108,1,22,298,1998,0.05
108,1,22,298,1999,0.06
108,1,22,298,2000,0.07
108,1,22,298,2001,0.06
108,1,22,298,2002,0.08
108,1,22,298,2003,0.08
108,1,22,298,2004,0.08
108,1,22,298,2005,0.08
108,1,22,298,2006,0.08
108,1,22,298,2007,0.08
108,1,22,298,2008,0.07
108,1,22,298,2009,0.07
108,1,22,298,2010,0.07
108,1,22,298,2011,0.07
108,1,22,298,2012,0.07
108,1,22,298,2013,0.07
108,1,22,298,2014,0.07
108,1,22,298,2015,0.06
108,1,22,298,2016,0.06
108,2,22,298,1990,0.01
108,2,22,298,1991,0.01
108,2,22,298,1992,0.02
108,2,22,298,1993,0.02
108,2,22,298,1994,0.03
108,2,22,298,1995,0.03
108,2,22,298,1996,0.04
108,2,22,298,1997,0.04
108,2,22,298,1998,0.04
108,2,22,298,1999,0.06
108,2,22,298,2000,0.07
108,2,22,298,2001,0.07
108,2,22,298,2002,0.08
108,2,22,298,2003,0.08
108,2,22,298,2004,0.08
108,2,22,298,2005,0.08
108,2,22,298,2006,0.08
108,2,22,298,2007,0.08
108,2,22,298,2008,0.07
108,2,22,298,2009,0.08
108,2,22,298,2010,0.08
108,2,22,298,2011,0.08
108,2,22,298,2012,0.08
108,2,22,298,2013,0.08
108,2,22,298,2014,0.07
108,2,22,298,2015,0.07
108,2,22,298,2016,0.07
108,3,22,298,1990,0.02
108,3,22,298,1991,0.02
108,3,22,298,1992,0.02
108,3,22,298,1993,0.03
108,3,22,298,1994,0.04
108,3,22,298,1995,0.04
108,3,22,298,1996,0.04
108,3,22,298,1997,0.04
108,3,22,298,1998,0.05
108,3,22,298,1999,0.06
108,3,22,298,2000,0.07
108,3,22,298,2001,0.07
108,3,22,298,2002,0.08
108,3,22,298,2003,0.08
108,3,22,298,2004,0.08
108,3,22,298,2005,0.08
108,3,22,298,2006,0.08
108,3,22,298,2007,0.08
108,3,22,298,2008,0.07
108,3,22,298,2009,0.07
108,3,22,298,2010,0.07
108,3,22,298,2011,0.07
108,3,22,298,2012,0.07
108,3,22,298,2013,0.07
108,3,22,298,2014,0.07
108,3,22,298,2015,0.07
108,3,22,298,2016,0.06
109,1,22,298,1990,0
109,1,22,298,1991,0
109,1,22,298,1992,0
109,1,22,298,1993,0
109,1,22,298,1994,0
109,1,22,298,1995,0
109,1,22,298,1996,0
109,1,22,298,1997,0
109,1,22,298,1998,0
109,1,22,298,1999,0.01
109,1,22,298,2000,0.01
109,1,22,298,2001,0.01
109,1,22,298,2002,0
109,1,22,298,2003,0
109,1,22,298,2004,0.01
109,1,22,298,2005,0.01
109,1,22,298,2006,0.01
109,1,22,298,2007,0.01
109,1,22,298,2008,0.01
109,1,22,298,2009,0.01
109,1,22,298,2010,0.01
109,1,22,298,2011,0.01
109,1,22,298,2012,0.01
109,1,22,298,2013,0.01
109,1,22,298,2014,0.02
109,1,22,298,2015,0.01
109,1,22,298,2016,0.01
109,2,22,298,1990,0
109,2,22,298,1991,0
109,2,22,298,1992,0
109,2,22,298,1993,0
109,2,22,298,1994,0
109,2,22,298,1995,0
109,2,22,298,1996,0
109,2,22,298,1997,0
109,2,22,298,1998,0
109,2,22,298,1999,0
109,2,22,298,2000,0
109,2,22,298,2001,0
109,2,22,298,2002,0
109,2,22,298,2003,0
109,2,22,298,2004,0
109,2,22,298,2005,0
109,2,22,298,2006,0
109,2,22,298,2007,0
109,2,22,298,2008,0
109,2,22,298,2009,0
109,2,22,298,2010,0
109,2,22,298,2011,0
109,2,22,298,2012,0
109,2,22,298,2013,0.01
109,2,22,298,2014,0.01
109,2,22,298,2015,0
109,2,22,298,2016,0
109,3,22,298,1990,0
109,3,22,298,1991,0
109,3,22,298,1992,0
109,3,22,298,1993,0
109,3,22,298,1994,0
109,3,22,298,1995,0
109,3,22,298,1996,0
109,3,22,298,1997,0
109,3,22,298,1998,0
109,3,22,298,1999,0
109,3,22,298,2000,0
109,3,22,298,2001,0
109,3,22,298,2002,0
109,3,22,298,2003,0
109,3,22,298,2004,0
109,3,22,298,2005,0
109,3,22,298,2006,0
109,3,22,298,2007,0.01
109,3,22,298,2008,0.01
109,3,22,298,2009,0.01
109,3,22,298,2010,0.01
109,3,22,298,2011,0.01
109,3,22,298,2012,0.01
109,3,22,298,2013,0.01
109,3,22,298,2014,0.01
109,3,22,298,2015,0.01
109,3,22,298,2016,0.01
110,1,22,298,1990,0.01
110,1,22,298,1991,0.01
110,1,22,298,1992,0.02
110,1,22,298,1993,0.03
110,1,22,298,1994,0.03
110,1,22,298,1995,0.03
110,1,22,298,1996,0.03
110,1,22,298,1997,0.03
110,1,22,298,1998,0.03
110,1,22,298,1999,0.04
110,1,22,298,2000,0.06
110,1,22,298,2001,0.06
110,1,22,298,2002,0.05
110,1,22,298,2003,0.05
110,1,22,298,2004,0.05
110,1,22,298,2005,0.03
110,1,22,298,2006,0.04
110,1,22,298,2007,0.03
110,1,22,298,2008,0.03
110,1,22,298,2009,0.03
110,1,22,298,2010,0.03
110,1,22,298,2011,0.03
110,1,22,298,2012,0.03
110,1,22,298,2013,0.03
110,1,22,298,2014,0.03
110,1,22,298,2015,0.02
110,1,22,298,2016,0.02
110,2,22,298,1990,0
110,2,22,298,1991,0
110,2,22,298,1992,0.01
110,2,22,298,1993,0.01
110,2,22,298,1994,0.01
110,2,22,298,1995,0.01
110,2,22,298,1996,0.01
110,2,22,298,1997,0.01
110,2,22,298,1998,0.01
110,2,22,298,1999,0.02
110,2,22,298,2000,0.02
110,2,22,298,2001,0.02
110,2,22,298,2002,0.02
110,2,22,298,2003,0.02
110,2,22,298,2004,0.02
110,2,22,298,2005,0.02
110,2,22,298,2006,0.02
110,2,22,298,2007,0.01
110,2,22,298,2008,0.01
110,2,22,298,2009,0.01
110,2,22,298,2010,0.01
110,2,22,298,2011,0.01
110,2,22,298,2012,0.01
110,2,22,298,2013,0.01
110,2,22,298,2014,0.01
110,2,22,298,2015,0.01
110,2,22,298,2016,0.01
110,3,22,298,1990,0.01
110,3,22,298,1991,0.01
110,3,22,298,1992,0.01
110,3,22,298,1993,0.02
110,3,22,298,1994,0.02
110,3,22,298,1995,0.02
110,3,22,298,1996,0.03
110,3,22,298,1997,0.02
110,3,22,298,1998,0.02
110,3,22,298,1999,0.03
110,3,22,298,2000,0.05
110,3,22,298,2001,0.04
110,3,22,298,2002,0.04
110,3,22,298,2003,0.04
110,3,22,298,2004,0.04
110,3,22,298,2005,0.03
110,3,22,298,2006,0.03
110,3,22,298,2007,0.03
110,3,22,298,2008,0.02
110,3,22,298,2009,0.02
110,3,22,298,2010,0.02
110,3,22,298,2011,0.02
110,3,22,298,2012,0.02
110,3,22,298,2013,0.02
110,3,22,298,2014,0.02
110,3,22,298,2015,0.02
110,3,22,298,2016,0.02
111,1,22,298,1990,0.01
111,1,22,298,1991,0.02
111,1,22,298,1992,0.02
111,1,22,298,1993,0.04
111,1,22,298,1994,0.05
111,1,22,298,1995,0.06
111,1,22,298,1996,0.08
111,1,22,298,1997,0.09
111,1,22,298,1998,0.11
111,1,22,298,1999,0.12
111,1,22,298,2000,0.13
111,1,22,298,2001,0.15
111,1,22,298,2002,0.16
111,1,22,298,2003,0.16
111,1,22,298,2004,0.16
111,1,22,298,2005,0.16
111,1,22,298,2006,0.16
111,1,22,298,2007,0.16
111,1,22,298,2008,0.16
111,1,22,298,2009,0.15
111,1,22,298,2010,0.15
111,1,22,298,2011,0.14
111,1,22,298,2012,0.14
111,1,22,298,2013,0.13
111,1,22,298,2014,0.13
111,1,22,298,2015,0.13
111,1,22,298,2016,0.12
111,2,22,298,1990,0.01
111,2,22,298,1991,0.01
111,2,22,298,1992,0.02
111,2,22,298,1993,0.03
111,2,22,298,1994,0.04
111,2,22,298,1995,0.05
111,2,22,298,1996,0.06
111,2,22,298,1997,0.08
111,2,22,298,1998,0.09
111,2,22,298,1999,0.11
111,2,22,298,2000,0.12
111,2,22,298,2001,0.13
111,2,22,298,2002,0.14
111,2,22,298,2003,0.15
111,2,22,298,2004,0.15
111,2,22,298,2005,0.15
111,2,22,298,2006,0.15
111,2,22,298,2007,0.15
111,2,22,298,2008,0.14
111,2,22,298,2009,0.13
111,2,22,298,2010,0.13
111,2,22,298,2011,0.12
111,2,22,298,2012,0.11
111,2,22,298,2013,0.11
111,2,22,298,2014,0.11
111,2,22,298,2015,0.11
111,2,22,298,2016,0.1
111,3,22,298,1990,0.01
111,3,22,298,1991,0.01
111,3,22,298,1992,0.02
111,3,22,298,1993,0.03
111,3,22,298,1994,0.04
111,3,22,298,1995,0.06
111,3,22,298,1996,0.07
111,3,22,298,1997,0.09
111,3,22,298,1998,0.1
111,3,22,298,1999,0.12
111,3,22,298,2000,0.13
111,3,22,298,2001,0.14
111,3,22,298,2002,0.15
111,3,22,298,2003,0.16
111,3,22,298,2004,0.16
111,3,22,298,2005,0.16
111,3,22,298,2006,0.16
111,3,22,298,2007,0.15
111,3,22,298,2008,0.15
111,3,22,298,2009,0.14
111,3,22,298,2010,0.14
111,3,22,298,2011,0.13
111,3,22,298,2012,0.13
111,3,22,298,2013,0.12
111,3,22,298,2014,0.12
111,3,22,298,2015,0.12
111,3,22,298,2016,0.11
112,1,22,298,1990,0.01
112,1,22,298,1991,0.01
112,1,22,298,1992,0.01
112,1,22,298,1993,0.02
112,1,22,298,1994,0.02
112,1,22,298,1995,0.02
112,1,22,298,1996,0.03
112,1,22,298,1997,0.03
112,1,22,298,1998,0.03
112,1,22,298,1999,0.03
112,1,22,298,2000,0.03
112,1,22,298,2001,0.04
112,1,22,298,2002,0.04
112,1,22,298,2003,0.04
112,1,22,298,2004,0.03
112,1,22,298,2005,0.03
112,1,22,298,2006,0.03
112,1,22,298,2007,0.03
112,1,22,298,2008,0.02
112,1,22,298,2009,0.02
112,1,22,298,2010,0.02
112,1,22,298,2011,0.02
112,1,22,298,2012,0.02
112,1,22,298,2013,0.02
112,1,22,298,2014,0.03
112,1,22,298,2015,0.02
112,1,22,298,2016,0.02
112,2,22,298,1990,0
112,2,22,298,1991,0
112,2,22,298,1992,0
112,2,22,298,1993,0.01
112,2,22,298,1994,0.01
112,2,22,298,1995,0.01
112,2,22,298,1996,0.01
112,2,22,298,1997,0.01
112,2,22,298,1998,0.01
112,2,22,298,1999,0.01
112,2,22,298,2000,0.02
112,2,22,298,2001,0.02
112,2,22,298,2002,0.02
112,2,22,298,2003,0.02
112,2,22,298,2004,0.02
112,2,22,298,2005,0.02
112,2,22,298,2006,0.02
112,2,22,298,2007,0.02
112,2,22,298,2008,0.01
112,2,22,298,2009,0.02
112,2,22,298,2010,0.02
112,2,22,298,2011,0.02
112,2,22,298,2012,0.02
112,2,22,298,2013,0.02
112,2,22,298,2014,0.02
112,2,22,298,2015,0.01
112,2,22,298,2016,0.01
112,3,22,298,1990,0.01
112,3,22,298,1991,0.01
112,3,22,298,1992,0.01
112,3,22,298,1993,0.01
112,3,22,298,1994,0.02
112,3,22,298,1995,0.02
112,3,22,298,1996,0.02
112,3,22,298,1997,0.02
112,3,22,298,1998,0.02
112,3,22,298,1999,0.02
112,3,22,298,2000,0.03
112,3,22,298,2001,0.03
112,3,22,298,2002,0.03
112,3,22,298,2003,0.03
112,3,22,298,2004,0.03
112,3,22,298,2005,0.02
112,3,22,298,2006,0.02
112,3,22,298,2007,0.02
112,3,22,298,2008,0.02
112,3,22,298,2009,0.02
112,3,22,298,2010,0.02
112,3,22,298,2011,0.02
112,3,22,298,2012,0.02
112,3,22,298,2013,0.02
112,3,22,298,2014,0.02
112,3,22,298,2015,0.02
112,3,22,298,2016,0.02
113,1,22,298,1990,0.02
113,1,22,298,1991,0.01
113,1,22,298,1992,0.02
113,1,22,298,1993,0.03
113,1,22,298,1994,0.04
113,1,22,298,1995,0.04
113,1,22,298,1996,0.06
113,1,22,298,1997,0.01
113,1,22,298,1998,0.01
113,1,22,298,1999,0.04
113,1,22,298,2000,0.06
113,1,22,298,2001,0.11
113,1,22,298,2002,0.11
113,1,22,298,2003,0.1
113,1,22,298,2004,0.09
113,1,22,298,2005,0.07
113,1,22,298,2006,0.07
113,1,22,298,2007,0.07
113,1,22,298,2008,0.06
113,1,22,298,2009,0.05
113,1,22,298,2010,0.05
113,1,22,298,2011,0.05
113,1,22,298,2012,0.05
113,1,22,298,2013,0.05
113,1,22,298,2014,0.05
113,1,22,298,2015,0.05
113,1,22,298,2016,0.04
113,2,22,298,1990,0.01
113,2,22,298,1991,0.01
113,2,22,298,1992,0.01
113,2,22,298,1993,0.03
113,2,22,298,1994,0.03
113,2,22,298,1995,0.03
113,2,22,298,1996,0.05
113,2,22,298,1997,0.02
113,2,22,298,1998,0.02
113,2,22,298,1999,0.04
113,2,22,298,2000,0.06
113,2,22,298,2001,0.11
113,2,22,298,2002,0.13
113,2,22,298,2003,0.11
113,2,22,298,2004,0.09
113,2,22,298,2005,0.08
113,2,22,298,2006,0.08
113,2,22,298,2007,0.07
113,2,22,298,2008,0.06
113,2,22,298,2009,0.06
113,2,22,298,2010,0.05
113,2,22,298,2011,0.06
113,2,22,298,2012,0.06
113,2,22,298,2013,0.05
113,2,22,298,2014,0.05
113,2,22,298,2015,0.05
113,2,22,298,2016,0.05
113,3,22,298,1990,0.01
113,3,22,298,1991,0.01
113,3,22,298,1992,0.02
113,3,22,298,1993,0.03
113,3,22,298,1994,0.04
113,3,22,298,1995,0.04
113,3,22,298,1996,0.06
113,3,22,298,1997,0.02
113,3,22,298,1998,0.02
113,3,22,298,1999,0.04
113,3,22,298,2000,0.06
113,3,22,298,2001,0.11
113,3,22,298,2002,0.12
113,3,22,298,2003,0.1
113,3,22,298,2004,0.09
113,3,22,298,2005,0.08
113,3,22,298,2006,0.07
113,3,22,298,2007,0.07
113,3,22,298,2008,0.06
113,3,22,298,2009,0.05
113,3,22,298,2010,0.05
113,3,22,298,2011,0.05
113,3,22,298,2012,0.05
113,3,22,298,2013,0.05
113,3,22,298,2014,0.05
113,3,22,298,2015,0.05
113,3,22,298,2016,0.05
114,1,22,298,1990,0.03
114,1,22,298,1991,0.03
114,1,22,298,1992,0.04
114,1,22,298,1993,0.05
114,1,22,298,1994,0.07
114,1,22,298,1995,0.08
114,1,22,298,1996,0.1
114,1,22,298,1997,0.11
114,1,22,298,1998,0.12
114,1,22,298,1999,0.14
114,1,22,298,2000,0.15
114,1,22,298,2001,0.16
114,1,22,298,2002,0.16
114,1,22,298,2003,0.17
114,1,22,298,2004,0.15
114,1,22,298,2005,0.16
114,1,22,298,2006,0.16
114,1,22,298,2007,0.15
114,1,22,298,2008,0.14
114,1,22,298,2009,0.13
114,1,22,298,2010,0.03
114,1,22,298,2011,0.11
114,1,22,298,2012,0.1
114,1,22,298,2013,0.09
114,1,22,298,2014,0.08
114,1,22,298,2015,0.08
114,1,22,298,2016,0.07
114,2,22,298,1990,0.02
114,2,22,298,1991,0.03
114,2,22,298,1992,0.04
114,2,22,298,1993,0.05
114,2,22,298,1994,0.06
114,2,22,298,1995,0.08
114,2,22,298,1996,0.09
114,2,22,298,1997,0.11
114,2,22,298,1998,0.13
114,2,22,298,1999,0.15
114,2,22,298,2000,0.16
114,2,22,298,2001,0.18
114,2,22,298,2002,0.19
114,2,22,298,2003,0.19
114,2,22,298,2004,0.19
114,2,22,298,2005,0.19
114,2,22,298,2006,0.19
114,2,22,298,2007,0.18
114,2,22,298,2008,0.17
114,2,22,298,2009,0.16
114,2,22,298,2010,0.05
114,2,22,298,2011,0.14
114,2,22,298,2012,0.13
114,2,22,298,2013,0.11
114,2,22,298,2014,0.09
114,2,22,298,2015,0.08
114,2,22,298,2016,0.07
114,3,22,298,1990,0.02
114,3,22,298,1991,0.03
114,3,22,298,1992,0.04
114,3,22,298,1993,0.05
114,3,22,298,1994,0.06
114,3,22,298,1995,0.08
114,3,22,298,1996,0.1
114,3,22,298,1997,0.11
114,3,22,298,1998,0.13
114,3,22,298,1999,0.14
114,3,22,298,2000,0.16
114,3,22,298,2001,0.17
114,3,22,298,2002,0.18
114,3,22,298,2003,0.18
114,3,22,298,2004,0.17
114,3,22,298,2005,0.18
114,3,22,298,2006,0.17
114,3,22,298,2007,0.17
114,3,22,298,2008,0.15
114,3,22,298,2009,0.15
114,3,22,298,2010,0.04
114,3,22,298,2011,0.12
114,3,22,298,2012,0.12
114,3,22,298,2013,0.1
114,3,22,298,2014,0.09
114,3,22,298,2015,0.08
114,3,22,298,2016,0.07
115,1,22,298,1990,0.01
115,1,22,298,1991,0.01
115,1,22,298,1992,0.01
115,1,22,298,1993,0.02
115,1,22,298,1994,0.03
115,1,22,298,1995,0.03
115,1,22,298,1996,0.04
115,1,22,298,1997,0.04
115,1,22,298,1998,0.05
115,1,22,298,1999,0.05
115,1,22,298,2000,0.06
115,1,22,298,2001,0.06
115,1,22,298,2002,0.07
115,1,22,298,2003,0.07
115,1,22,298,2004,0.07
115,1,22,298,2005,0.06
115,1,22,298,2006,0.05
115,1,22,298,2007,0.04
115,1,22,298,2008,0.04
115,1,22,298,2009,0.03
115,1,22,298,2010,0.02
115,1,22,298,2011,0.02
115,1,22,298,2012,0.01
115,1,22,298,2013,0.01
115,1,22,298,2014,0.01
115,1,22,298,2015,0.01
115,1,22,298,2016,0.02
115,2,22,298,1990,0
115,2,22,298,1991,0.01
115,2,22,298,1992,0.01
115,2,22,298,1993,0.01
115,2,22,298,1994,0.02
115,2,22,298,1995,0.02
115,2,22,298,1996,0.03
115,2,22,298,1997,0.03
115,2,22,298,1998,0.04
115,2,22,298,1999,0.04
115,2,22,298,2000,0.05
115,2,22,298,2001,0.05
115,2,22,298,2002,0.06
115,2,22,298,2003,0.06
115,2,22,298,2004,0.06
115,2,22,298,2005,0.06
115,2,22,298,2006,0.05
115,2,22,298,2007,0.04
115,2,22,298,2008,0.03
115,2,22,298,2009,0.03
115,2,22,298,2010,0.02
115,2,22,298,2011,0.02
115,2,22,298,2012,0.02
115,2,22,298,2013,0.02
115,2,22,298,2014,0.01
115,2,22,298,2015,0.01
115,2,22,298,2016,0.02
115,3,22,298,1990,0.01
115,3,22,298,1991,0.01
115,3,22,298,1992,0.01
115,3,22,298,1993,0.02
115,3,22,298,1994,0.02
115,3,22,298,1995,0.03
115,3,22,298,1996,0.03
115,3,22,298,1997,0.04
115,3,22,298,1998,0.04
115,3,22,298,1999,0.05
115,3,22,298,2000,0.05
115,3,22,298,2001,0.06
115,3,22,298,2002,0.06
115,3,22,298,2003,0.06
115,3,22,298,2004,0.06
115,3,22,298,2005,0.06
115,3,22,298,2006,0.05
115,3,22,298,2007,0.04
115,3,22,298,2008,0.03
115,3,22,298,2009,0.03
115,3,22,298,2010,0.02
115,3,22,298,2011,0.02
115,3,22,298,2012,0.02
115,3,22,298,2013,0.01
115,3,22,298,2014,0.01
115,3,22,298,2015,0.01
115,3,22,298,2016,0.02
116,1,22,298,1990,0.01
116,1,22,298,1991,0.01
116,1,22,298,1992,0.01
116,1,22,298,1993,0.01
116,1,22,298,1994,0.02
116,1,22,298,1995,0.01
116,1,22,298,1996,0.02
116,1,22,298,1997,0.01
116,1,22,298,1998,0.01
116,1,22,298,1999,0.02
116,1,22,298,2000,0.03
116,1,22,298,2001,0.03
116,1,22,298,2002,0.03
116,1,22,298,2003,0.03
116,1,22,298,2004,0.02
116,1,22,298,2005,0.02
116,1,22,298,2006,0.02
116,1,22,298,2007,0.02
116,1,22,298,2008,0.01
116,1,22,298,2009,0.01
116,1,22,298,2010,0.02
116,1,22,298,2011,0.02
116,1,22,298,2012,0.02
116,1,22,298,2013,0.01
116,1,22,298,2014,0.02
116,1,22,298,2015,0.01
116,1,22,298,2016,0.01
116,2,22,298,1990,0
116,2,22,298,1991,0
116,2,22,298,1992,0.01
116,2,22,298,1993,0.01
116,2,22,298,1994,0.01
116,2,22,298,1995,0.01
116,2,22,298,1996,0.01
116,2,22,298,1997,0.01
116,2,22,298,1998,0.01
116,2,22,298,1999,0.02
116,2,22,298,2000,0.03
116,2,22,298,2001,0.02
116,2,22,298,2002,0.02
116,2,22,298,2003,0.02
116,2,22,298,2004,0.02
116,2,22,298,2005,0.02
116,2,22,298,2006,0.02
116,2,22,298,2007,0.02
116,2,22,298,2008,0.01
116,2,22,298,2009,0.02
116,2,22,298,2010,0.02
116,2,22,298,2011,0.02
116,2,22,298,2012,0.02
116,2,22,298,2013,0.02
116,2,22,298,2014,0.02
116,2,22,298,2015,0.01
116,2,22,298,2016,0.01
116,3,22,298,1990,0
116,3,22,298,1991,0.01
116,3,22,298,1992,0.01
116,3,22,298,1993,0.01
116,3,22,298,1994,0.01
116,3,22,298,1995,0.01
116,3,22,298,1996,0.02
116,3,22,298,1997,0.01
116,3,22,298,1998,0.01
116,3,22,298,1999,0.02
116,3,22,298,2000,0.03
116,3,22,298,2001,0.03
116,3,22,298,2002,0.03
116,3,22,298,2003,0.02
116,3,22,298,2004,0.02
116,3,22,298,2005,0.02
116,3,22,298,2006,0.02
116,3,22,298,2007,0.02
116,3,22,298,2008,0.01
116,3,22,298,2009,0.01
116,3,22,298,2010,0.02
116,3,22,298,2011,0.02
116,3,22,298,2012,0.02
116,3,22,298,2013,0.01
116,3,22,298,2014,0.02
116,3,22,298,2015,0.01
116,3,22,298,2016,0.01
117,1,22,298,1990,0.02
117,1,22,298,1991,0.02
117,1,22,298,1992,0.02
117,1,22,298,1993,0.03
117,1,22,298,1994,0.03
117,1,22,298,1995,0.04
117,1,22,298,1996,0.06
117,1,22,298,1997,0.04
117,1,22,298,1998,0.04
117,1,22,298,1999,0.07
117,1,22,298,2000,0.1
117,1,22,298,2001,0.08
117,1,22,298,2002,0.08
117,1,22,298,2003,0.07
117,1,22,298,2004,0.07
117,1,22,298,2005,0.05
117,1,22,298,2006,0.07
117,1,22,298,2007,0.06
117,1,22,298,2008,0.05
117,1,22,298,2009,0.04
117,1,22,298,2010,0.05
117,1,22,298,2011,0.04
117,1,22,298,2012,0.04
117,1,22,298,2013,0.04
117,1,22,298,2014,0.05
117,1,22,298,2015,0.05
117,1,22,298,2016,0.04
117,2,22,298,1990,0.01
117,2,22,298,1991,0.01
117,2,22,298,1992,0.01
117,2,22,298,1993,0.02
117,2,22,298,1994,0.02
117,2,22,298,1995,0.02
117,2,22,298,1996,0.03
117,2,22,298,1997,0.03
117,2,22,298,1998,0.03
117,2,22,298,1999,0.04
117,2,22,298,2000,0.07
117,2,22,298,2001,0.06
117,2,22,298,2002,0.06
117,2,22,298,2003,0.05
117,2,22,298,2004,0.05
117,2,22,298,2005,0.05
117,2,22,298,2006,0.05
117,2,22,298,2007,0.04
117,2,22,298,2008,0.04
117,2,22,298,2009,0.04
117,2,22,298,2010,0.04
117,2,22,298,2011,0.04
117,2,22,298,2012,0.04
117,2,22,298,2013,0.04
117,2,22,298,2014,0.04
117,2,22,298,2015,0.04
117,2,22,298,2016,0.03
117,3,22,298,1990,0.01
117,3,22,298,1991,0.01
117,3,22,298,1992,0.02
117,3,22,298,1993,0.02
117,3,22,298,1994,0.03
117,3,22,298,1995,0.03
117,3,22,298,1996,0.05
117,3,22,298,1997,0.04
117,3,22,298,1998,0.04
117,3,22,298,1999,0.06
117,3,22,298,2000,0.09
117,3,22,298,2001,0.07
117,3,22,298,2002,0.07
117,3,22,298,2003,0.06
117,3,22,298,2004,0.06
117,3,22,298,2005,0.05
117,3,22,298,2006,0.06
117,3,22,298,2007,0.05
117,3,22,298,2008,0.04
117,3,22,298,2009,0.04
117,3,22,298,2010,0.05
117,3,22,298,2011,0.04
117,3,22,298,2012,0.04
117,3,22,298,2013,0.04
117,3,22,298,2014,0.05
117,3,22,298,2015,0.04
117,3,22,298,2016,0.04
118,1,22,298,1990,0.01
118,1,22,298,1991,0.01
118,1,22,298,1992,0.01
118,1,22,298,1993,0.01
118,1,22,298,1994,0.02
118,1,22,298,1995,0.02
118,1,22,298,1996,0.03
118,1,22,298,1997,0.03
118,1,22,298,1998,0.04
118,1,22,298,1999,0.04
118,1,22,298,2000,0.05
118,1,22,298,2001,0.05
118,1,22,298,2002,0.05
118,1,22,298,2003,0.05
118,1,22,298,2004,0.06
118,1,22,298,2005,0.06
118,1,22,298,2006,0.06
118,1,22,298,2007,0.05
118,1,22,298,2008,0.05
118,1,22,298,2009,0.05
118,1,22,298,2010,0.04
118,1,22,298,2011,0.04
118,1,22,298,2012,0.03
118,1,22,298,2013,0.03
118,1,22,298,2014,0.03
118,1,22,298,2015,0.03
118,1,22,298,2016,0.02
118,2,22,298,1990,0
118,2,22,298,1991,0
118,2,22,298,1992,0.01
118,2,22,298,1993,0.01
118,2,22,298,1994,0.01
118,2,22,298,1995,0.02
118,2,22,298,1996,0.02
118,2,22,298,1997,0.02
118,2,22,298,1998,0.03
118,2,22,298,1999,0.03
118,2,22,298,2000,0.04
118,2,22,298,2001,0.04
118,2,22,298,2002,0.05
118,2,22,298,2003,0.05
118,2,22,298,2004,0.05
118,2,22,298,2005,0.05
118,2,22,298,2006,0.05
118,2,22,298,2007,0.05
118,2,22,298,2008,0.04
118,2,22,298,2009,0.04
118,2,22,298,2010,0.03
118,2,22,298,2011,0.03
118,2,22,298,2012,0.03
118,2,22,298,2013,0.03
118,2,22,298,2014,0.03
118,2,22,298,2015,0.03
118,2,22,298,2016,0.03
118,3,22,298,1990,0
118,3,22,298,1991,0.01
118,3,22,298,1992,0.01
118,3,22,298,1993,0.01
118,3,22,298,1994,0.02
118,3,22,298,1995,0.02
118,3,22,298,1996,0.02
118,3,22,298,1997,0.03
118,3,22,298,1998,0.03
118,3,22,298,1999,0.04
118,3,22,298,2000,0.04
118,3,22,298,2001,0.05
118,3,22,298,2002,0.05
118,3,22,298,2003,0.05
118,3,22,298,2004,0.06
118,3,22,298,2005,0.06
118,3,22,298,2006,0.05
118,3,22,298,2007,0.05
118,3,22,298,2008,0.05
118,3,22,298,2009,0.04
118,3,22,298,2010,0.04
118,3,22,298,2011,0.03
118,3,22,298,2012,0.03
118,3,22,298,2013,0.03
118,3,22,298,2014,0.03
118,3,22,298,2015,0.03
118,3,22,298,2016,0.02
119,1,22,298,1990,0.02
119,1,22,298,1991,0.03
119,1,22,298,1992,0.04
119,1,22,298,1993,0.04
119,1,22,298,1994,0.05
119,1,22,298,1995,0.05
119,1,22,298,1996,0.06
119,1,22,298,1997,0.07
119,1,22,298,1998,0.07
119,1,22,298,1999,0.09
119,1,22,298,2000,0.1
119,1,22,298,2001,0.09
119,1,22,298,2002,0.08
119,1,22,298,2003,0.07
119,1,22,298,2004,0.06
119,1,22,298,2005,0.05
119,1,22,298,2006,0.05
119,1,22,298,2007,0.05
119,1,22,298,2008,0.04
119,1,22,298,2009,0.03
119,1,22,298,2010,0.04
119,1,22,298,2011,0.04
119,1,22,298,2012,0.04
119,1,22,298,2013,0.04
119,1,22,298,2014,0.04
119,1,22,298,2015,0.03
119,1,22,298,2016,0.03
119,2,22,298,1990,0.02
119,2,22,298,1991,0.01
119,2,22,298,1992,0.02
119,2,22,298,1993,0.02
119,2,22,298,1994,0.03
119,2,22,298,1995,0.03
119,2,22,298,1996,0.04
119,2,22,298,1997,0.04
119,2,22,298,1998,0.05
119,2,22,298,1999,0.07
119,2,22,298,2000,0.08
119,2,22,298,2001,0.08
119,2,22,298,2002,0.08
119,2,22,298,2003,0.07
119,2,22,298,2004,0.05
119,2,22,298,2005,0.06
119,2,22,298,2006,0.05
119,2,22,298,2007,0.04
119,2,22,298,2008,0.04
119,2,22,298,2009,0.05
119,2,22,298,2010,0.04
119,2,22,298,2011,0.04
119,2,22,298,2012,0.04
119,2,22,298,2013,0.04
119,2,22,298,2014,0.04
119,2,22,298,2015,0.04
119,2,22,298,2016,0.04
119,3,22,298,1990,0.02
119,3,22,298,1991,0.02
119,3,22,298,1992,0.03
119,3,22,298,1993,0.03
119,3,22,298,1994,0.04
119,3,22,298,1995,0.04
119,3,22,298,1996,0.05
119,3,22,298,1997,0.06
119,3,22,298,1998,0.06
119,3,22,298,1999,0.08
119,3,22,298,2000,0.09
119,3,22,298,2001,0.09
119,3,22,298,2002,0.08
119,3,22,298,2003,0.07
119,3,22,298,2004,0.06
119,3,22,298,2005,0.05
119,3,22,298,2006,0.05
119,3,22,298,2007,0.04
119,3,22,298,2008,0.04
119,3,22,298,2009,0.04
119,3,22,298,2010,0.04
119,3,22,298,2011,0.04
119,3,22,298,2012,0.04
119,3,22,298,2013,0.04
119,3,22,298,2014,0.04
119,3,22,298,2015,0.04
119,3,22,298,2016,0.03
121,1,22,298,1990,0
121,1,22,298,1991,0
121,1,22,298,1992,0
121,1,22,298,1993,0.01
121,1,22,298,1994,0.01
121,1,22,298,1995,0.01
121,1,22,298,1996,0.01
121,1,22,298,1997,0.01
121,1,22,298,1998,0.01
121,1,22,298,1999,0.01
121,1,22,298,2000,0.01
121,1,22,298,2001,0.01
121,1,22,298,2002,0.01
121,1,22,298,2003,0.01
121,1,22,298,2004,0.01
121,1,22,298,2005,0.01
121,1,22,298,2006,0.01
121,1,22,298,2007,0.01
121,1,22,298,2008,0.01
121,1,22,298,2009,0.01
121,1,22,298,2010,0.01
121,1,22,298,2011,0.02
121,1,22,298,2012,0.02
121,1,22,298,2013,0.01
121,1,22,298,2014,0.01
121,1,22,298,2015,0.01
121,1,22,298,2016,0.01
121,2,22,298,1990,0
121,2,22,298,1991,0
121,2,22,298,1992,0
121,2,22,298,1993,0
121,2,22,298,1994,0
121,2,22,298,1995,0
121,2,22,298,1996,0
121,2,22,298,1997,0
121,2,22,298,1998,0.01
121,2,22,298,1999,0.01
121,2,22,298,2000,0.01
121,2,22,298,2001,0.01
121,2,22,298,2002,0.01
121,2,22,298,2003,0.01
121,2,22,298,2004,0.01
121,2,22,298,2005,0.01
121,2,22,298,2006,0.01
121,2,22,298,2007,0.01
121,2,22,298,2008,0.01
121,2,22,298,2009,0.01
121,2,22,298,2010,0.01
121,2,22,298,2011,0.01
121,2,22,298,2012,0.01
121,2,22,298,2013,0.01
121,2,22,298,2014,0.01
121,2,22,298,2015,0.01
121,2,22,298,2016,0.01
121,3,22,298,1990,0
121,3,22,298,1991,0
121,3,22,298,1992,0
121,3,22,298,1993,0
121,3,22,298,1994,0
121,3,22,298,1995,0.01
121,3,22,298,1996,0.01
121,3,22,298,1997,0.01
121,3,22,298,1998,0.01
121,3,22,298,1999,0.01
121,3,22,298,2000,0.01
121,3,22,298,2001,0.01
121,3,22,298,2002,0.01
121,3,22,298,2003,0.01
121,3,22,298,2004,0.01
121,3,22,298,2005,0.01
121,3,22,298,2006,0.01
121,3,22,298,2007,0.01
121,3,22,298,2008,0.01
121,3,22,298,2009,0.01
121,3,22,298,2010,0.01
121,3,22,298,2011,0.01
121,3,22,298,2012,0.01
121,3,22,298,2013,0.01
121,3,22,298,2014,0.01
121,3,22,298,2015,0.01
121,3,22,298,2016,0.01
122,1,22,298,1990,0
122,1,22,298,1991,0
122,1,22,298,1992,0
122,1,22,298,1993,0
122,1,22,298,1994,0
122,1,22,298,1995,0
122,1,22,298,1996,0
122,1,22,298,1997,0.01
122,1,22,298,1998,0.01
122,1,22,298,1999,0.01
122,1,22,298,2000,0.01
122,1,22,298,2001,0.01
122,1,22,298,2002,0.01
122,1,22,298,2003,0.02
122,1,22,298,2004,0.02
122,1,22,298,2005,0.02
122,1,22,298,2006,0.02
122,1,22,298,2007,0.02
122,1,22,298,2008,0.02
122,1,22,298,2009,0.02
122,1,22,298,2010,0.02
122,1,22,298,2011,0.02
122,1,22,298,2012,0.02
122,1,22,298,2013,0.02
122,1,22,298,2014,0.03
122,1,22,298,2015,0.03
122,1,22,298,2016,0.03
122,2,22,298,1990,0
122,2,22,298,1991,0
122,2,22,298,1992,0
122,2,22,298,1993,0
122,2,22,298,1994,0
122,2,22,298,1995,0
122,2,22,298,1996,0
122,2,22,298,1997,0
122,2,22,298,1998,0
122,2,22,298,1999,0.01
122,2,22,298,2000,0.01
122,2,22,298,2001,0.01
122,2,22,298,2002,0.01
122,2,22,298,2003,0.01
122,2,22,298,2004,0.01
122,2,22,298,2005,0.01
122,2,22,298,2006,0.01
122,2,22,298,2007,0.01
122,2,22,298,2008,0.01
122,2,22,298,2009,0.01
122,2,22,298,2010,0.01
122,2,22,298,2011,0.01
122,2,22,298,2012,0.01
122,2,22,298,2013,0.01
122,2,22,298,2014,0.01
122,2,22,298,2015,0.01
122,2,22,298,2016,0.01
122,3,22,298,1990,0
122,3,22,298,1991,0
122,3,22,298,1992,0
122,3,22,298,1993,0
122,3,22,298,1994,0
122,3,22,298,1995,0
122,3,22,298,1996,0
122,3,22,298,1997,0.01
122,3,22,298,1998,0.01
122,3,22,298,1999,0.01
122,3,22,298,2000,0.01
122,3,22,298,2001,0.01
122,3,22,298,2002,0.01
122,3,22,298,2003,0.01
122,3,22,298,2004,0.01
122,3,22,298,2005,0.02
122,3,22,298,2006,0.02
122,3,22,298,2007,0.02
122,3,22,298,2008,0.02
122,3,22,298,2009,0.02
122,3,22,298,2010,0.02
122,3,22,298,2011,0.02
122,3,22,298,2012,0.02
122,3,22,298,2013,0.02
122,3,22,298,2014,0.02
122,3,22,298,2015,0.02
122,3,22,298,2016,0.02
123,1,22,298,1990,0
123,1,22,298,1991,0
123,1,22,298,1992,0.01
123,1,22,298,1993,0.01
123,1,22,298,1994,0.01
123,1,22,298,1995,0.01
123,1,22,298,1996,0.01
123,1,22,298,1997,0.01
123,1,22,298,1998,0.01
123,1,22,298,1999,0.01
123,1,22,298,2000,0.01
123,1,22,298,2001,0.02
123,1,22,298,2002,0.02
123,1,22,298,2003,0.02
123,1,22,298,2004,0.02
123,1,22,298,2005,0.02
123,1,22,298,2006,0.02
123,1,22,298,2007,0.01
123,1,22,298,2008,0.01
123,1,22,298,2009,0.01
123,1,22,298,2010,0.01
123,1,22,298,2011,0.01
123,1,22,298,2012,0.01
123,1,22,298,2013,0.01
123,1,22,298,2014,0.01
123,1,22,298,2015,0.01
123,1,22,298,2016,0.01
123,2,22,298,1990,0
123,2,22,298,1991,0
123,2,22,298,1992,0
123,2,22,298,1993,0
123,2,22,298,1994,0
123,2,22,298,1995,0
123,2,22,298,1996,0
123,2,22,298,1997,0
123,2,22,298,1998,0.01
123,2,22,298,1999,0.01
123,2,22,298,2000,0.01
123,2,22,298,2001,0.01
123,2,22,298,2002,0.01
123,2,22,298,2003,0.01
123,2,22,298,2004,0.01
123,2,22,298,2005,0.01
123,2,22,298,2006,0.01
123,2,22,298,2007,0.01
123,2,22,298,2008,0
123,2,22,298,2009,0
123,2,22,298,2010,0
123,2,22,298,2011,0
123,2,22,298,2012,0
123,2,22,298,2013,0
123,2,22,298,2014,0
123,2,22,298,2015,0
123,2,22,298,2016,0
123,3,22,298,1990,0
123,3,22,298,1991,0
123,3,22,298,1992,0
123,3,22,298,1993,0
123,3,22,298,1994,0.01
123,3,22,298,1995,0.01
123,3,22,298,1996,0.01
123,3,22,298,1997,0.01
123,3,22,298,1998,0.01
123,3,22,298,1999,0.01
123,3,22,298,2000,0.01
123,3,22,298,2001,0.01
123,3,22,298,2002,0.01
123,3,22,298,2003,0.01
123,3,22,298,2004,0.01
123,3,22,298,2005,0.01
123,3,22,298,2006,0.01
123,3,22,298,2007,0.01
123,3,22,298,2008,0.01
123,3,22,298,2009,0.01
123,3,22,298,2010,0
123,3,22,298,2011,0
123,3,22,298,2012,0
123,3,22,298,2013,0
123,3,22,298,2014,0
123,3,22,298,2015,0
123,3,22,298,2016,0
125,1,22,298,1990,0
125,1,22,298,1991,0
125,1,22,298,1992,0
125,1,22,298,1993,0.01
125,1,22,298,1994,0.01
125,1,22,298,1995,0.01
125,1,22,298,1996,0.01
125,1,22,298,1997,0.02
125,1,22,298,1998,0.01
125,1,22,298,1999,0.02
125,1,22,298,2000,0.02
125,1,22,298,2001,0.02
125,1,22,298,2002,0.02
125,1,22,298,2003,0.02
125,1,22,298,2004,0.02
125,1,22,298,2005,0.02
125,1,22,298,2006,0.02
125,1,22,298,2007,0.02
125,1,22,298,2008,0.02
125,1,22,298,2009,0.02
125,1,22,298,2010,0.02
125,1,22,298,2011,0.02
125,1,22,298,2012,0.02
125,1,22,298,2013,0.03
125,1,22,298,2014,0.02
125,1,22,298,2015,0.02
125,1,22,298,2016,0.02
125,2,22,298,1990,0
125,2,22,298,1991,0
125,2,22,298,1992,0
125,2,22,298,1993,0
125,2,22,298,1994,0
125,2,22,298,1995,0
125,2,22,298,1996,0
125,2,22,298,1997,0.01
125,2,22,298,1998,0.01
125,2,22,298,1999,0.01
125,2,22,298,2000,0.01
125,2,22,298,2001,0.01
125,2,22,298,2002,0.01
125,2,22,298,2003,0.01
125,2,22,298,2004,0.01
125,2,22,298,2005,0.01
125,2,22,298,2006,0.01
125,2,22,298,2007,0.01
125,2,22,298,2008,0.01
125,2,22,298,2009,0.01
125,2,22,298,2010,0.01
125,2,22,298,2011,0.01
125,2,22,298,2012,0.01
125,2,22,298,2013,0.01
125,2,22,298,2014,0.01
125,2,22,298,2015,0.01
125,2,22,298,2016,0.01
125,3,22,298,1990,0
125,3,22,298,1991,0
125,3,22,298,1992,0
125,3,22,298,1993,0
125,3,22,298,1994,0.01
125,3,22,298,1995,0.01
125,3,22,298,1996,0.01
125,3,22,298,1997,0.01
125,3,22,298,1998,0.01
125,3,22,298,1999,0.01
125,3,22,298,2000,0.01
125,3,22,298,2001,0.02
125,3,22,298,2002,0.02
125,3,22,298,2003,0.02
125,3,22,298,2004,0.02
125,3,22,298,2005,0.02
125,3,22,298,2006,0.02
125,3,22,298,2007,0.02
125,3,22,298,2008,0.02
125,3,22,298,2009,0.02
125,3,22,298,2010,0.02
125,3,22,298,2011,0.02
125,3,22,298,2012,0.02
125,3,22,298,2013,0.02
125,3,22,298,2014,0.02
125,3,22,298,2015,0.02
125,3,22,298,2016,0.02
126,1,22,298,1990,0.01
126,1,22,298,1991,0.01
126,1,22,298,1992,0.02
126,1,22,298,1993,0.02
126,1,22,298,1994,0.02
126,1,22,298,1995,0.03
126,1,22,298,1996,0.03
126,1,22,298,1997,0.03
126,1,22,298,1998,0.02
126,1,22,298,1999,0.02
126,1,22,298,2000,0.02
126,1,22,298,2001,0.02
126,1,22,298,2002,0.02
126,1,22,298,2003,0.02
126,1,22,298,2004,0.02
126,1,22,298,2005,0.02
126,1,22,298,2006,0.02
126,1,22,298,2007,0.02
126,1,22,298,2008,0.02
126,1,22,298,2009,0.02
126,1,22,298,2010,0.02
126,1,22,298,2011,0.02
126,1,22,298,2012,0.02
126,1,22,298,2013,0.02
126,1,22,298,2014,0.02
126,1,22,298,2015,0.02
126,1,22,298,2016,0.02
126,2,22,298,1990,0
126,2,22,298,1991,0
126,2,22,298,1992,0
126,2,22,298,1993,0
126,2,22,298,1994,0
126,2,22,298,1995,0.01
126,2,22,298,1996,0.01
126,2,22,298,1997,0.01
126,2,22,298,1998,0.01
126,2,22,298,1999,0.01
126,2,22,298,2000,0.01
126,2,22,298,2001,0.01
126,2,22,298,2002,0.01
126,2,22,298,2003,0.01
126,2,22,298,2004,0.01
126,2,22,298,2005,0.01
126,2,22,298,2006,0.01
126,2,22,298,2007,0.01
126,2,22,298,2008,0.01
126,2,22,298,2009,0.01
126,2,22,298,2010,0.01
126,2,22,298,2011,0.01
126,2,22,298,2012,0.01
126,2,22,298,2013,0.01
126,2,22,298,2014,0.01
126,2,22,298,2015,0.01
126,2,22,298,2016,0.01
126,3,22,298,1990,0.01
126,3,22,298,1991,0.01
126,3,22,298,1992,0.01
126,3,22,298,1993,0.01
126,3,22,298,1994,0.02
126,3,22,298,1995,0.02
126,3,22,298,1996,0.02
126,3,22,298,1997,0.02
126,3,22,298,1998,0.02
126,3,22,298,1999,0.02
126,3,22,298,2000,0.02
126,3,22,298,2001,0.02
126,3,22,298,2002,0.02
126,3,22,298,2003,0.02
126,3,22,298,2004,0.02
126,3,22,298,2005,0.02
126,3,22,298,2006,0.02
126,3,22,298,2007,0.02
126,3,22,298,2008,0.02
126,3,22,298,2009,0.01
126,3,22,298,2010,0.02
126,3,22,298,2011,0.02
126,3,22,298,2012,0.02
126,3,22,298,2013,0.02
126,3,22,298,2014,0.02
126,3,22,298,2015,0.02
126,3,22,298,2016,0.01
127,1,22,298,1990,0
127,1,22,298,1991,0
127,1,22,298,1992,0
127,1,22,298,1993,0.01
127,1,22,298,1994,0.01
127,1,22,298,1995,0.01
127,1,22,298,1996,0.01
127,1,22,298,1997,0.01
127,1,22,298,1998,0.01
127,1,22,298,1999,0.02
127,1,22,298,2000,0.02
127,1,22,298,2001,0.02
127,1,22,298,2002,0.02
127,1,22,298,2003,0.02
127,1,22,298,2004,0.02
127,1,22,298,2005,0.02
127,1,22,298,2006,0.02
127,1,22,298,2007,0.01
127,1,22,298,2008,0.01
127,1,22,298,2009,0.01
127,1,22,298,2010,0.01
127,1,22,298,2011,0.01
127,1,22,298,2012,0.01
127,1,22,298,2013,0.01
127,1,22,298,2014,0.01
127,1,22,298,2015,0.01
127,1,22,298,2016,0.01
127,2,22,298,1990,0
127,2,22,298,1991,0
127,2,22,298,1992,0
127,2,22,298,1993,0
127,2,22,298,1994,0
127,2,22,298,1995,0.01
127,2,22,298,1996,0.01
127,2,22,298,1997,0.01
127,2,22,298,1998,0.01
127,2,22,298,1999,0.01
127,2,22,298,2000,0.01
127,2,22,298,2001,0.02
127,2,22,298,2002,0.02
127,2,22,298,2003,0.02
127,2,22,298,2004,0.02
127,2,22,298,2005,0.02
127,2,22,298,2006,0.02
127,2,22,298,2007,0.01
127,2,22,298,2008,0.01
127,2,22,298,2009,0.01
127,2,22,298,2010,0.01
127,2,22,298,2011,0.01
127,2,22,298,2012,0.01
127,2,22,298,2013,0.01
127,2,22,298,2014,0.01
127,2,22,298,2015,0.01
127,2,22,298,2016,0.01
127,3,22,298,1990,0
127,3,22,298,1991,0
127,3,22,298,1992,0
127,3,22,298,1993,0
127,3,22,298,1994,0.01
127,3,22,298,1995,0.01
127,3,22,298,1996,0.01
127,3,22,298,1997,0.01
127,3,22,298,1998,0.01
127,3,22,298,1999,0.01
127,3,22,298,2000,0.02
127,3,22,298,2001,0.02
127,3,22,298,2002,0.02
127,3,22,298,2003,0.02
127,3,22,298,2004,0.02
127,3,22,298,2005,0.02
127,3,22,298,2006,0.02
127,3,22,298,2007,0.01
127,3,22,298,2008,0.01
127,3,22,298,2009,0.01
127,3,22,298,2010,0.01
127,3,22,298,2011,0.01
127,3,22,298,2012,0.01
127,3,22,298,2013,0.01
127,3,22,298,2014,0.01
127,3,22,298,2015,0.01
127,3,22,298,2016,0.01
128,1,22,298,1990,0
128,1,22,298,1991,0
128,1,22,298,1992,0
128,1,22,298,1993,0
128,1,22,298,1994,0
128,1,22,298,1995,0.01
128,1,22,298,1996,0.01
128,1,22,298,1997,0.01
128,1,22,298,1998,0.01
128,1,22,298,1999,0.01
128,1,22,298,2000,0.01
128,1,22,298,2001,0.01
128,1,22,298,2002,0.01
128,1,22,298,2003,0.01
128,1,22,298,2004,0.01
128,1,22,298,2005,0.02
128,1,22,298,2006,0.02
128,1,22,298,2007,0.02
128,1,22,298,2008,0.02
128,1,22,298,2009,0.01
128,1,22,298,2010,0.01
128,1,22,298,2011,0.01
128,1,22,298,2012,0.01
128,1,22,298,2013,0.01
128,1,22,298,2014,0.01
128,1,22,298,2015,0.01
128,1,22,298,2016,0.01
128,2,22,298,1990,0
128,2,22,298,1991,0
128,2,22,298,1992,0
128,2,22,298,1993,0
128,2,22,298,1994,0
128,2,22,298,1995,0
128,2,22,298,1996,0
128,2,22,298,1997,0
128,2,22,298,1998,0.01
128,2,22,298,1999,0.01
128,2,22,298,2000,0.01
128,2,22,298,2001,0
128,2,22,298,2002,0.01
128,2,22,298,2003,0.01
128,2,22,298,2004,0.01
128,2,22,298,2005,0.01
128,2,22,298,2006,0.01
128,2,22,298,2007,0.01
128,2,22,298,2008,0.01
128,2,22,298,2009,0.01
128,2,22,298,2010,0.01
128,2,22,298,2011,0.01
128,2,22,298,2012,0.01
128,2,22,298,2013,0.01
128,2,22,298,2014,0.01
128,2,22,298,2015,0.01
128,2,22,298,2016,0.01
128,3,22,298,1990,0
128,3,22,298,1991,0
128,3,22,298,1992,0
128,3,22,298,1993,0
128,3,22,298,1994,0
128,3,22,298,1995,0
128,3,22,298,1996,0
128,3,22,298,1997,0.01
128,3,22,298,1998,0.01
128,3,22,298,1999,0.01
128,3,22,298,2000,0.01
128,3,22,298,2001,0.01
128,3,22,298,2002,0.01
128,3,22,298,2003,0.01
128,3,22,298,2004,0.01
128,3,22,298,2005,0.02
128,3,22,298,2006,0.02
128,3,22,298,2007,0.01
128,3,22,298,2008,0.01
128,3,22,298,2009,0.01
128,3,22,298,2010,0.01
128,3,22,298,2011,0.01
128,3,22,298,2012,0.01
128,3,22,298,2013,0.01
128,3,22,298,2014,0.01
128,3,22,298,2015,0.01
128,3,22,298,2016,0.01
129,1,22,298,1990,0.01
129,1,22,298,1991,0.01
129,1,22,298,1992,0.01
129,1,22,298,1993,0.01
129,1,22,298,1994,0.01
129,1,22,298,1995,0.02
129,1,22,298,1996,0.02
129,1,22,298,1997,0.02
129,1,22,298,1998,0.01
129,1,22,298,1999,0.03
129,1,22,298,2000,0.03
129,1,22,298,2001,0.03
129,1,22,298,2002,0.03
129,1,22,298,2003,0.03
129,1,22,298,2004,0.02
129,1,22,298,2005,0.02
129,1,22,298,2006,0.02
129,1,22,298,2007,0.02
129,1,22,298,2008,0.02
129,1,22,298,2009,0.02
129,1,22,298,2010,0.02
129,1,22,298,2011,0.02
129,1,22,298,2012,0.02
129,1,22,298,2013,0.02
129,1,22,298,2014,0.02
129,1,22,298,2015,0.02
129,1,22,298,2016,0.02
129,2,22,298,1990,0
129,2,22,298,1991,0.01
129,2,22,298,1992,0.01
129,2,22,298,1993,0.01
129,2,22,298,1994,0.01
129,2,22,298,1995,0.01
129,2,22,298,1996,0.02
129,2,22,298,1997,0.02
129,2,22,298,1998,0.01
129,2,22,298,1999,0.02
129,2,22,298,2000,0.02
129,2,22,298,2001,0.02
129,2,22,298,2002,0.03
129,2,22,298,2003,0.02
129,2,22,298,2004,0.02
129,2,22,298,2005,0.01
129,2,22,298,2006,0.01
129,2,22,298,2007,0.01
129,2,22,298,2008,0.01
129,2,22,298,2009,0.01
129,2,22,298,2010,0.01
129,2,22,298,2011,0.01
129,2,22,298,2012,0.01
129,2,22,298,2013,0.01
129,2,22,298,2014,0.01
129,2,22,298,2015,0.01
129,2,22,298,2016,0.01
129,3,22,298,1990,0.01
129,3,22,298,1991,0.01
129,3,22,298,1992,0.01
129,3,22,298,1993,0.01
129,3,22,298,1994,0.01
129,3,22,298,1995,0.01
129,3,22,298,1996,0.02
129,3,22,298,1997,0.02
129,3,22,298,1998,0.01
129,3,22,298,1999,0.02
129,3,22,298,2000,0.03
129,3,22,298,2001,0.03
129,3,22,298,2002,0.03
129,3,22,298,2003,0.02
129,3,22,298,2004,0.02
129,3,22,298,2005,0.02
129,3,22,298,2006,0.02
129,3,22,298,2007,0.01
129,3,22,298,2008,0.01
129,3,22,298,2009,0.01
129,3,22,298,2010,0.01
129,3,22,298,2011,0.01
129,3,22,298,2012,0.01
129,3,22,298,2013,0.01
129,3,22,298,2014,0.01
129,3,22,298,2015,0.01
129,3,22,298,2016,0.01
130,1,22,298,1990,0.01
130,1,22,298,1991,0.01
130,1,22,298,1992,0.01
130,1,22,298,1993,0.01
130,1,22,298,1994,0.01
130,1,22,298,1995,0.02
130,1,22,298,1996,0.02
130,1,22,298,1997,0.02
130,1,22,298,1998,0.02
130,1,22,298,1999,0.02
130,1,22,298,2000,0.02
130,1,22,298,2001,0.02
130,1,22,298,2002,0.02
130,1,22,298,2003,0.02
130,1,22,298,2004,0.02
130,1,22,298,2005,0.02
130,1,22,298,2006,0.02
130,1,22,298,2007,0.02
130,1,22,298,2008,0.02
130,1,22,298,2009,0.02
130,1,22,298,2010,0.02
130,1,22,298,2011,0.02
130,1,22,298,2012,0.02
130,1,22,298,2013,0.02
130,1,22,298,2014,0.02
130,1,22,298,2015,0.02
130,1,22,298,2016,0.02
130,2,22,298,1990,0
130,2,22,298,1991,0
130,2,22,298,1992,0
130,2,22,298,1993,0
130,2,22,298,1994,0
130,2,22,298,1995,0.01
130,2,22,298,1996,0.01
130,2,22,298,1997,0.01
130,2,22,298,1998,0.01
130,2,22,298,1999,0.01
130,2,22,298,2000,0.01
130,2,22,298,2001,0.01
130,2,22,298,2002,0.01
130,2,22,298,2003,0.01
130,2,22,298,2004,0.01
130,2,22,298,2005,0.01
130,2,22,298,2006,0.01
130,2,22,298,2007,0.01
130,2,22,298,2008,0.01
130,2,22,298,2009,0.01
130,2,22,298,2010,0.01
130,2,22,298,2011,0.01
130,2,22,298,2012,0.01
130,2,22,298,2013,0.01
130,2,22,298,2014,0.01
130,2,22,298,2015,0.01
130,2,22,298,2016,0.01
130,3,22,298,1990,0.01
130,3,22,298,1991,0.01
130,3,22,298,1992,0.01
130,3,22,298,1993,0.01
130,3,22,298,1994,0.01
130,3,22,298,1995,0.01
130,3,22,298,1996,0.01
130,3,22,298,1997,0.01
130,3,22,298,1998,0.01
130,3,22,298,1999,0.01
130,3,22,298,2000,0.01
130,3,22,298,2001,0.02
130,3,22,298,2002,0.02
130,3,22,298,2003,0.02
130,3,22,298,2004,0.02
130,3,22,298,2005,0.02
130,3,22,298,2006,0.02
130,3,22,298,2007,0.02
130,3,22,298,2008,0.02
130,3,22,298,2009,0.02
130,3,22,298,2010,0.01
130,3,22,298,2011,0.02
130,3,22,298,2012,0.02
130,3,22,298,2013,0.01
130,3,22,298,2014,0.01
130,3,22,298,2015,0.01
130,3,22,298,2016,0.01
131,1,22,298,1990,0
131,1,22,298,1991,0
131,1,22,298,1992,0
131,1,22,298,1993,0
131,1,22,298,1994,0
131,1,22,298,1995,0
131,1,22,298,1996,0
131,1,22,298,1997,0
131,1,22,298,1998,0
131,1,22,298,1999,0
131,1,22,298,2000,0
131,1,22,298,2001,0.01
131,1,22,298,2002,0.01
131,1,22,298,2003,0.01
131,1,22,298,2004,0.01
131,1,22,298,2005,0.01
131,1,22,298,2006,0.01
131,1,22,298,2007,0.01
131,1,22,298,2008,0.01
131,1,22,298,2009,0.01
131,1,22,298,2010,0.01
131,1,22,298,2011,0.01
131,1,22,298,2012,0.01
131,1,22,298,2013,0.01
131,1,22,298,2014,0.01
131,1,22,298,2015,0.01
131,1,22,298,2016,0.01
131,2,22,298,1990,0
131,2,22,298,1991,0
131,2,22,298,1992,0
131,2,22,298,1993,0
131,2,22,298,1994,0
131,2,22,298,1995,0
131,2,22,298,1996,0
131,2,22,298,1997,0
131,2,22,298,1998,0
131,2,22,298,1999,0
131,2,22,298,2000,0
131,2,22,298,2001,0
131,2,22,298,2002,0
131,2,22,298,2003,0
131,2,22,298,2004,0
131,2,22,298,2005,0
131,2,22,298,2006,0
131,2,22,298,2007,0
131,2,22,298,2008,0
131,2,22,298,2009,0
131,2,22,298,2010,0
131,2,22,298,2011,0
131,2,22,298,2012,0
131,2,22,298,2013,0
131,2,22,298,2014,0
131,2,22,298,2015,0
131,2,22,298,2016,0
131,3,22,298,1990,0
131,3,22,298,1991,0
131,3,22,298,1992,0
131,3,22,298,1993,0
131,3,22,298,1994,0
131,3,22,298,1995,0
131,3,22,298,1996,0
131,3,22,298,1997,0
131,3,22,298,1998,0
131,3,22,298,1999,0
131,3,22,298,2000,0
131,3,22,298,2001,0
131,3,22,298,2002,0.01
131,3,22,298,2003,0.01
131,3,22,298,2004,0.01
131,3,22,298,2005,0.01
131,3,22,298,2006,0.01
131,3,22,298,2007,0.01
131,3,22,298,2008,0.01
131,3,22,298,2009,0.01
131,3,22,298,2010,0.01
131,3,22,298,2011,0.01
131,3,22,298,2012,0.01
131,3,22,298,2013,0.01
131,3,22,298,2014,0.01
131,3,22,298,2015,0.01
131,3,22,298,2016,0.01
132,1,22,298,1990,0.01
132,1,22,298,1991,0.01
132,1,22,298,1992,0.01
132,1,22,298,1993,0.02
132,1,22,298,1994,0.03
132,1,22,298,1995,0.03
132,1,22,298,1996,0.04
132,1,22,298,1997,0.04
132,1,22,298,1998,0.07
132,1,22,298,1999,0.07
132,1,22,298,2000,0.07
132,1,22,298,2001,0.07
132,1,22,298,2002,0.07
132,1,22,298,2003,0.06
132,1,22,298,2004,0.06
132,1,22,298,2005,0.06
132,1,22,298,2006,0.07
132,1,22,298,2007,0.06
132,1,22,298,2008,0.06
132,1,22,298,2009,0.06
132,1,22,298,2010,0.07
132,1,22,298,2011,0.05
132,1,22,298,2012,0.06
132,1,22,298,2013,0.06
132,1,22,298,2014,0.06
132,1,22,298,2015,0.05
132,1,22,298,2016,0.05
132,2,22,298,1990,0
132,2,22,298,1991,0
132,2,22,298,1992,0.01
132,2,22,298,1993,0.01
132,2,22,298,1994,0.01
132,2,22,298,1995,0.02
132,2,22,298,1996,0.02
132,2,22,298,1997,0.02
132,2,22,298,1998,0.03
132,2,22,298,1999,0.04
132,2,22,298,2000,0.04
132,2,22,298,2001,0.04
132,2,22,298,2002,0.05
132,2,22,298,2003,0.04
132,2,22,298,2004,0.04
132,2,22,298,2005,0.04
132,2,22,298,2006,0.04
132,2,22,298,2007,0.04
132,2,22,298,2008,0.03
132,2,22,298,2009,0.04
132,2,22,298,2010,0.04
132,2,22,298,2011,0.04
132,2,22,298,2012,0.03
132,2,22,298,2013,0.04
132,2,22,298,2014,0.03
132,2,22,298,2015,0.03
132,2,22,298,2016,0.03
132,3,22,298,1990,0.01
132,3,22,298,1991,0.01
132,3,22,298,1992,0.01
132,3,22,298,1993,0.01
132,3,22,298,1994,0.02
132,3,22,298,1995,0.03
132,3,22,298,1996,0.03
132,3,22,298,1997,0.04
132,3,22,298,1998,0.05
132,3,22,298,1999,0.06
132,3,22,298,2000,0.06
132,3,22,298,2001,0.06
132,3,22,298,2002,0.06
132,3,22,298,2003,0.05
132,3,22,298,2004,0.06
132,3,22,298,2005,0.05
132,3,22,298,2006,0.05
132,3,22,298,2007,0.05
132,3,22,298,2008,0.05
132,3,22,298,2009,0.05
132,3,22,298,2010,0.05
132,3,22,298,2011,0.05
132,3,22,298,2012,0.05
132,3,22,298,2013,0.05
132,3,22,298,2014,0.05
132,3,22,298,2015,0.05
132,3,22,298,2016,0.04
133,1,22,298,1990,0.01
133,1,22,298,1991,0.01
133,1,22,298,1992,0.01
133,1,22,298,1993,0.01
133,1,22,298,1994,0.02
133,1,22,298,1995,0.02
133,1,22,298,1996,0.02
133,1,22,298,1997,0.02
133,1,22,298,1998,0.02
133,1,22,298,1999,0.02
133,1,22,298,2000,0.02
133,1,22,298,2001,0.02
133,1,22,298,2002,0.02
133,1,22,298,2003,0.02
133,1,22,298,2004,0.02
133,1,22,298,2005,0.02
133,1,22,298,2006,0.02
133,1,22,298,2007,0.02
133,1,22,298,2008,0.02
133,1,22,298,2009,0.02
133,1,22,298,2010,0.02
133,1,22,298,2011,0.02
133,1,22,298,2012,0.02
133,1,22,298,2013,0.02
133,1,22,298,2014,0.02
133,1,22,298,2015,0.02
133,1,22,298,2016,0.02
133,2,22,298,1990,0
133,2,22,298,1991,0
133,2,22,298,1992,0
133,2,22,298,1993,0
133,2,22,298,1994,0.01
133,2,22,298,1995,0.01
133,2,22,298,1996,0.01
133,2,22,298,1997,0.01
133,2,22,298,1998,0.01
133,2,22,298,1999,0.01
133,2,22,298,2000,0.01
133,2,22,298,2001,0.01
133,2,22,298,2002,0.01
133,2,22,298,2003,0.01
133,2,22,298,2004,0.01
133,2,22,298,2005,0.01
133,2,22,298,2006,0.01
133,2,22,298,2007,0.02
133,2,22,298,2008,0.02
133,2,22,298,2009,0.02
133,2,22,298,2010,0.02
133,2,22,298,2011,0.02
133,2,22,298,2012,0.02
133,2,22,298,2013,0.02
133,2,22,298,2014,0.02
133,2,22,298,2015,0.02
133,2,22,298,2016,0.02
133,3,22,298,1990,0.01
133,3,22,298,1991,0.01
133,3,22,298,1992,0.01
133,3,22,298,1993,0.01
133,3,22,298,1994,0.01
133,3,22,298,1995,0.01
133,3,22,298,1996,0.01
133,3,22,298,1997,0.02
133,3,22,298,1998,0.02
133,3,22,298,1999,0.01
133,3,22,298,2000,0.02
133,3,22,298,2001,0.02
133,3,22,298,2002,0.02
133,3,22,298,2003,0.02
133,3,22,298,2004,0.02
133,3,22,298,2005,0.02
133,3,22,298,2006,0.02
133,3,22,298,2007,0.02
133,3,22,298,2008,0.02
133,3,22,298,2009,0.02
133,3,22,298,2010,0.02
133,3,22,298,2011,0.02
133,3,22,298,2012,0.02
133,3,22,298,2013,0.02
133,3,22,298,2014,0.02
133,3,22,298,2015,0.02
133,3,22,298,2016,0.02
135,1,22,298,1990,0.01
135,1,22,298,1991,0.02
135,1,22,298,1992,0.02
135,1,22,298,1993,0.03
135,1,22,298,1994,0.03
135,1,22,298,1995,0.03
135,1,22,298,1996,0.03
135,1,22,298,1997,0.03
135,1,22,298,1998,0.03
135,1,22,298,1999,0.02
135,1,22,298,2000,0.02
135,1,22,298,2001,0.02
135,1,22,298,2002,0.02
135,1,22,298,2003,0.02
135,1,22,298,2004,0.02
135,1,22,298,2005,0.02
135,1,22,298,2006,0.02
135,1,22,298,2007,0.02
135,1,22,298,2008,0.02
135,1,22,298,2009,0.02
135,1,22,298,2010,0.02
135,1,22,298,2011,0.02
135,1,22,298,2012,0.02
135,1,22,298,2013,0.02
135,1,22,298,2014,0.02
135,1,22,298,2015,0.02
135,1,22,298,2016,0.02
135,2,22,298,1990,0.01
135,2,22,298,1991,0.01
135,2,22,298,1992,0.01
135,2,22,298,1993,0.01
135,2,22,298,1994,0.02
135,2,22,298,1995,0.02
135,2,22,298,1996,0.02
135,2,22,298,1997,0.02
135,2,22,298,1998,0.02
135,2,22,298,1999,0.02
135,2,22,298,2000,0.02
135,2,22,298,2001,0.02
135,2,22,298,2002,0.02
135,2,22,298,2003,0.02
135,2,22,298,2004,0.02
135,2,22,298,2005,0.02
135,2,22,298,2006,0.02
135,2,22,298,2007,0.02
135,2,22,298,2008,0.02
135,2,22,298,2009,0.02
135,2,22,298,2010,0.02
135,2,22,298,2011,0.02
135,2,22,298,2012,0.02
135,2,22,298,2013,0.02
135,2,22,298,2014,0.02
135,2,22,298,2015,0.02
135,2,22,298,2016,0.02
135,3,22,298,1990,0.01
135,3,22,298,1991,0.01
135,3,22,298,1992,0.02
135,3,22,298,1993,0.02
135,3,22,298,1994,0.02
135,3,22,298,1995,0.03
135,3,22,298,1996,0.03
135,3,22,298,1997,0.03
135,3,22,298,1998,0.02
135,3,22,298,1999,0.02
135,3,22,298,2000,0.02
135,3,22,298,2001,0.02
135,3,22,298,2002,0.02
135,3,22,298,2003,0.02
135,3,22,298,2004,0.02
135,3,22,298,2005,0.02
135,3,22,298,2006,0.02
135,3,22,298,2007,0.02
135,3,22,298,2008,0.02
135,3,22,298,2009,0.02
135,3,22,298,2010,0.02
135,3,22,298,2011,0.02
135,3,22,298,2012,0.02
135,3,22,298,2013,0.02
135,3,22,298,2014,0.02
135,3,22,298,2015,0.02
135,3,22,298,2016,0.02
136,1,22,298,1990,0
136,1,22,298,1991,0
136,1,22,298,1992,0
136,1,22,298,1993,0
136,1,22,298,1994,0
136,1,22,298,1995,0
136,1,22,298,1996,0
136,1,22,298,1997,0.01
136,1,22,298,1998,0.01
136,1,22,298,1999,0.01
136,1,22,298,2000,0.01
136,1,22,298,2001,0.01
136,1,22,298,2002,0.01
136,1,22,298,2003,0.01
136,1,22,298,2004,0.01
136,1,22,298,2005,0.01
136,1,22,298,2006,0.01
136,1,22,298,2007,0.01
136,1,22,298,2008,0.01
136,1,22,298,2009,0.01
136,1,22,298,2010,0.01
136,1,22,298,2011,0.01
136,1,22,298,2012,0.01
136,1,22,298,2013,0.01
136,1,22,298,2014,0.01
136,1,22,298,2015,0
136,1,22,298,2016,0
136,2,22,298,1990,0
136,2,22,298,1991,0
136,2,22,298,1992,0
136,2,22,298,1993,0
136,2,22,298,1994,0
136,2,22,298,1995,0
136,2,22,298,1996,0
136,2,22,298,1997,0
136,2,22,298,1998,0
136,2,22,298,1999,0
136,2,22,298,2000,0
136,2,22,298,2001,0.01
136,2,22,298,2002,0.01
136,2,22,298,2003,0.01
136,2,22,298,2004,0.01
136,2,22,298,2005,0.01
136,2,22,298,2006,0.01
136,2,22,298,2007,0.01
136,2,22,298,2008,0.01
136,2,22,298,2009,0
136,2,22,298,2010,0
136,2,22,298,2011,0
136,2,22,298,2012,0
136,2,22,298,2013,0
136,2,22,298,2014,0
136,2,22,298,2015,0
136,2,22,298,2016,0
136,3,22,298,1990,0
136,3,22,298,1991,0
136,3,22,298,1992,0
136,3,22,298,1993,0
136,3,22,298,1994,0
136,3,22,298,1995,0
136,3,22,298,1996,0
136,3,22,298,1997,0
136,3,22,298,1998,0
136,3,22,298,1999,0.01
136,3,22,298,2000,0.01
136,3,22,298,2001,0.01
136,3,22,298,2002,0.01
136,3,22,298,2003,0.01
136,3,22,298,2004,0.01
136,3,22,298,2005,0.01
136,3,22,298,2006,0.01
136,3,22,298,2007,0.01
136,3,22,298,2008,0.01
136,3,22,298,2009,0.01
136,3,22,298,2010,0.01
136,3,22,298,2011,0
136,3,22,298,2012,0
136,3,22,298,2013,0
136,3,22,298,2014,0
136,3,22,298,2015,0
136,3,22,298,2016,0
139,1,22,298,1990,0
139,1,22,298,1991,0
139,1,22,298,1992,0
139,1,22,298,1993,0
139,1,22,298,1994,0
139,1,22,298,1995,0
139,1,22,298,1996,0
139,1,22,298,1997,0
139,1,22,298,1998,0
139,1,22,298,1999,0
139,1,22,298,2000,0
139,1,22,298,2001,0
139,1,22,298,2002,0
139,1,22,298,2003,0
139,1,22,298,2004,0
139,1,22,298,2005,0
139,1,22,298,2006,0
139,1,22,298,2007,0
139,1,22,298,2008,0
139,1,22,298,2009,0
139,1,22,298,2010,0
139,1,22,298,2011,0
139,1,22,298,2012,0
139,1,22,298,2013,0
139,1,22,298,2014,0
139,1,22,298,2015,0
139,1,22,298,2016,0
139,2,22,298,1990,0
139,2,22,298,1991,0
139,2,22,298,1992,0
139,2,22,298,1993,0
139,2,22,298,1994,0
139,2,22,298,1995,0
139,2,22,298,1996,0
139,2,22,298,1997,0
139,2,22,298,1998,0
139,2,22,298,1999,0
139,2,22,298,2000,0
139,2,22,298,2001,0
139,2,22,298,2002,0
139,2,22,298,2003,0
139,2,22,298,2004,0
139,2,22,298,2005,0
139,2,22,298,2006,0
139,2,22,298,2007,0
139,2,22,298,2008,0
139,2,22,298,2009,0
139,2,22,298,2010,0
139,2,22,298,2011,0
139,2,22,298,2012,0
139,2,22,298,2013,0
139,2,22,298,2014,0
139,2,22,298,2015,0
139,2,22,298,2016,0
139,3,22,298,1990,0
139,3,22,298,1991,0
139,3,22,298,1992,0
139,3,22,298,1993,0
139,3,22,298,1994,0
139,3,22,298,1995,0
139,3,22,298,1996,0
139,3,22,298,1997,0
139,3,22,298,1998,0
139,3,22,298,1999,0
139,3,22,298,2000,0
139,3,22,298,2001,0
139,3,22,298,2002,0
139,3,22,298,2003,0
139,3,22,298,2004,0
139,3,22,298,2005,0
139,3,22,298,2006,0
139,3,22,298,2007,0
139,3,22,298,2008,0
139,3,22,298,2009,0
139,3,22,298,2010,0
139,3,22,298,2011,0
139,3,22,298,2012,0
139,3,22,298,2013,0
139,3,22,298,2014,0
139,3,22,298,2015,0
139,3,22,298,2016,0
140,1,22,298,1990,0
140,1,22,298,1991,0
140,1,22,298,1992,0
140,1,22,298,1993,0
140,1,22,298,1994,0
140,1,22,298,1995,0
140,1,22,298,1996,0
140,1,22,298,1997,0.01
140,1,22,298,1998,0.01
140,1,22,298,1999,0.01
140,1,22,298,2000,0.01
140,1,22,298,2001,0.01
140,1,22,298,2002,0.01
140,1,22,298,2003,0.01
140,1,22,298,2004,0.01
140,1,22,298,2005,0.01
140,1,22,298,2006,0.01
140,1,22,298,2007,0.01
140,1,22,298,2008,0.01
140,1,22,298,2009,0.01
140,1,22,298,2010,0.01
140,1,22,298,2011,0.01
140,1,22,298,2012,0.01
140,1,22,298,2013,0.01
140,1,22,298,2014,0.01
140,1,22,298,2015,0.01
140,1,22,298,2016,0.01
140,2,22,298,1990,0
140,2,22,298,1991,0
140,2,22,298,1992,0
140,2,22,298,1993,0
140,2,22,298,1994,0
140,2,22,298,1995,0
140,2,22,298,1996,0
140,2,22,298,1997,0
140,2,22,298,1998,0
140,2,22,298,1999,0
140,2,22,298,2000,0
140,2,22,298,2001,0
140,2,22,298,2002,0
140,2,22,298,2003,0
140,2,22,298,2004,0
140,2,22,298,2005,0
140,2,22,298,2006,0
140,2,22,298,2007,0
140,2,22,298,2008,0
140,2,22,298,2009,0
140,2,22,298,2010,0.01
140,2,22,298,2011,0.01
140,2,22,298,2012,0.01
140,2,22,298,2013,0.01
140,2,22,298,2014,0.01
140,2,22,298,2015,0.01
140,2,22,298,2016,0.01
140,3,22,298,1990,0
140,3,22,298,1991,0
140,3,22,298,1992,0
140,3,22,298,1993,0
140,3,22,298,1994,0
140,3,22,298,1995,0
140,3,22,298,1996,0
140,3,22,298,1997,0
140,3,22,298,1998,0
140,3,22,298,1999,0
140,3,22,298,2000,0
140,3,22,298,2001,0
140,3,22,298,2002,0.01
140,3,22,298,2003,0.01
140,3,22,298,2004,0.01
140,3,22,298,2005,0.01
140,3,22,298,2006,0.01
140,3,22,298,2007,0.01
140,3,22,298,2008,0.01
140,3,22,298,2009,0.01
140,3,22,298,2010,0.01
140,3,22,298,2011,0.01
140,3,22,298,2012,0.01
140,3,22,298,2013,0.01
140,3,22,298,2014,0.01
140,3,22,298,2015,0.01
140,3,22,298,2016,0.01
141,1,22,298,1990,0
141,1,22,298,1991,0
141,1,22,298,1992,0
141,1,22,298,1993,0
141,1,22,298,1994,0
141,1,22,298,1995,0
141,1,22,298,1996,0
141,1,22,298,1997,0
141,1,22,298,1998,0
141,1,22,298,1999,0
141,1,22,298,2000,0
141,1,22,298,2001,0
141,1,22,298,2002,0
141,1,22,298,2003,0
141,1,22,298,2004,0
141,1,22,298,2005,0
141,1,22,298,2006,0
141,1,22,298,2007,0
141,1,22,298,2008,0
141,1,22,298,2009,0
141,1,22,298,2010,0
141,1,22,298,2011,0
141,1,22,298,2012,0
141,1,22,298,2013,0
141,1,22,298,2014,0
141,1,22,298,2015,0
141,1,22,298,2016,0
141,2,22,298,1990,0
141,2,22,298,1991,0
141,2,22,298,1992,0
141,2,22,298,1993,0
141,2,22,298,1994,0
141,2,22,298,1995,0
141,2,22,298,1996,0
141,2,22,298,1997,0
141,2,22,298,1998,0
141,2,22,298,1999,0
141,2,22,298,2000,0
141,2,22,298,2001,0
141,2,22,298,2002,0
141,2,22,298,2003,0
141,2,22,298,2004,0
141,2,22,298,2005,0
141,2,22,298,2006,0
141,2,22,298,2007,0
141,2,22,298,2008,0
141,2,22,298,2009,0
141,2,22,298,2010,0
141,2,22,298,2011,0
141,2,22,298,2012,0
141,2,22,298,2013,0
141,2,22,298,2014,0
141,2,22,298,2015,0
141,2,22,298,2016,0
141,3,22,298,1990,0
141,3,22,298,1991,0
141,3,22,298,1992,0
141,3,22,298,1993,0
141,3,22,298,1994,0
141,3,22,298,1995,0
141,3,22,298,1996,0
141,3,22,298,1997,0
141,3,22,298,1998,0
141,3,22,298,1999,0
141,3,22,298,2000,0
141,3,22,298,2001,0
141,3,22,298,2002,0
141,3,22,298,2003,0
141,3,22,298,2004,0
141,3,22,298,2005,0
141,3,22,298,2006,0
141,3,22,298,2007,0
141,3,22,298,2008,0
141,3,22,298,2009,0
141,3,22,298,2010,0
141,3,22,298,2011,0
141,3,22,298,2012,0
141,3,22,298,2013,0
141,3,22,298,2014,0
141,3,22,298,2015,0
141,3,22,298,2016,0
142,1,22,298,1990,0
142,1,22,298,1991,0
142,1,22,298,1992,0
142,1,22,298,1993,0
142,1,22,298,1994,0
142,1,22,298,1995,0
142,1,22,298,1996,0
142,1,22,298,1997,0
142,1,22,298,1998,0
142,1,22,298,1999,0
142,1,22,298,2000,0
142,1,22,298,2001,0
142,1,22,298,2002,0
142,1,22,298,2003,0
142,1,22,298,2004,0
142,1,22,298,2005,0
142,1,22,298,2006,0
142,1,22,298,2007,0
142,1,22,298,2008,0
142,1,22,298,2009,0
142,1,22,298,2010,0
142,1,22,298,2011,0
142,1,22,298,2012,0
142,1,22,298,2013,0
142,1,22,298,2014,0
142,1,22,298,2015,0
142,1,22,298,2016,0
142,2,22,298,1990,0
142,2,22,298,1991,0
142,2,22,298,1992,0
142,2,22,298,1993,0
142,2,22,298,1994,0
142,2,22,298,1995,0
142,2,22,298,1996,0
142,2,22,298,1997,0
142,2,22,298,1998,0
142,2,22,298,1999,0
142,2,22,298,2000,0
142,2,22,298,2001,0
142,2,22,298,2002,0
142,2,22,298,2003,0
142,2,22,298,2004,0
142,2,22,298,2005,0
142,2,22,298,2006,0
142,2,22,298,2007,0
142,2,22,298,2008,0
142,2,22,298,2009,0
142,2,22,298,2010,0
142,2,22,298,2011,0
142,2,22,298,2012,0
142,2,22,298,2013,0
142,2,22,298,2014,0
142,2,22,298,2015,0
142,2,22,298,2016,0
142,3,22,298,1990,0
142,3,22,298,1991,0
142,3,22,298,1992,0
142,3,22,298,1993,0
142,3,22,298,1994,0
142,3,22,298,1995,0
142,3,22,298,1996,0
142,3,22,298,1997,0
142,3,22,298,1998,0
142,3,22,298,1999,0
142,3,22,298,2000,0
142,3,22,298,2001,0
142,3,22,298,2002,0
142,3,22,298,2003,0
142,3,22,298,2004,0
142,3,22,298,2005,0
142,3,22,298,2006,0
142,3,22,298,2007,0
142,3,22,298,2008,0
142,3,22,298,2009,0
142,3,22,298,2010,0
142,3,22,298,2011,0
142,3,22,298,2012,0
142,3,22,298,2013,0
142,3,22,298,2014,0
142,3,22,298,2015,0
142,3,22,298,2016,0
143,1,22,298,1990,0
143,1,22,298,1991,0
143,1,22,298,1992,0
143,1,22,298,1993,0
143,1,22,298,1994,0
143,1,22,298,1995,0
143,1,22,298,1996,0
143,1,22,298,1997,0
143,1,22,298,1998,0
143,1,22,298,1999,0
143,1,22,298,2000,0
143,1,22,298,2001,0
143,1,22,298,2002,0
143,1,22,298,2003,0
143,1,22,298,2004,0
143,1,22,298,2005,0
143,1,22,298,2006,0
143,1,22,298,2007,0
143,1,22,298,2008,0
143,1,22,298,2009,0
143,1,22,298,2010,0
143,1,22,298,2011,0
143,1,22,298,2012,0
143,1,22,298,2013,0
143,1,22,298,2014,0
143,1,22,298,2015,0
143,1,22,298,2016,0
143,2,22,298,1990,0
143,2,22,298,1991,0
143,2,22,298,1992,0
143,2,22,298,1993,0
143,2,22,298,1994,0
143,2,22,298,1995,0
143,2,22,298,1996,0
143,2,22,298,1997,0
143,2,22,298,1998,0
143,2,22,298,1999,0
143,2,22,298,2000,0
143,2,22,298,2001,0
143,2,22,298,2002,0
143,2,22,298,2003,0
143,2,22,298,2004,0
143,2,22,298,2005,0
143,2,22,298,2006,0
143,2,22,298,2007,0
143,2,22,298,2008,0
143,2,22,298,2009,0
143,2,22,298,2010,0
143,2,22,298,2011,0
143,2,22,298,2012,0
143,2,22,298,2013,0
143,2,22,298,2014,0
143,2,22,298,2015,0
143,2,22,298,2016,0
143,3,22,298,1990,0
143,3,22,298,1991,0
143,3,22,298,1992,0
143,3,22,298,1993,0
143,3,22,298,1994,0
143,3,22,298,1995,0
143,3,22,298,1996,0
143,3,22,298,1997,0
143,3,22,298,1998,0
143,3,22,298,1999,0
143,3,22,298,2000,0
143,3,22,298,2001,0
143,3,22,298,2002,0
143,3,22,298,2003,0
143,3,22,298,2004,0
143,3,22,298,2005,0
143,3,22,298,2006,0
143,3,22,298,2007,0
143,3,22,298,2008,0
143,3,22,298,2009,0
143,3,22,298,2010,0
143,3,22,298,2011,0
143,3,22,298,2012,0
143,3,22,298,2013,0
143,3,22,298,2014,0
143,3,22,298,2015,0
143,3,22,298,2016,0
144,1,22,298,1990,0
144,1,22,298,1991,0
144,1,22,298,1992,0
144,1,22,298,1993,0
144,1,22,298,1994,0
144,1,22,298,1995,0
144,1,22,298,1996,0
144,1,22,298,1997,0
144,1,22,298,1998,0
144,1,22,298,1999,0
144,1,22,298,2000,0
144,1,22,298,2001,0
144,1,22,298,2002,0
144,1,22,298,2003,0
144,1,22,298,2004,0
144,1,22,298,2005,0
144,1,22,298,2006,0
144,1,22,298,2007,0
144,1,22,298,2008,0
144,1,22,298,2009,0
144,1,22,298,2010,0
144,1,22,298,2011,0
144,1,22,298,2012,0
144,1,22,298,2013,0
144,1,22,298,2014,0
144,1,22,298,2015,0
144,1,22,298,2016,0
144,2,22,298,1990,0
144,2,22,298,1991,0
144,2,22,298,1992,0
144,2,22,298,1993,0
144,2,22,298,1994,0
144,2,22,298,1995,0
144,2,22,298,1996,0
144,2,22,298,1997,0
144,2,22,298,1998,0
144,2,22,298,1999,0
144,2,22,298,2000,0
144,2,22,298,2001,0
144,2,22,298,2002,0
144,2,22,298,2003,0
144,2,22,298,2004,0
144,2,22,298,2005,0
144,2,22,298,2006,0
144,2,22,298,2007,0
144,2,22,298,2008,0
144,2,22,298,2009,0
144,2,22,298,2010,0
144,2,22,298,2011,0
144,2,22,298,2012,0
144,2,22,298,2013,0
144,2,22,298,2014,0
144,2,22,298,2015,0
144,2,22,298,2016,0
144,3,22,298,1990,0
144,3,22,298,1991,0
144,3,22,298,1992,0
144,3,22,298,1993,0
144,3,22,298,1994,0
144,3,22,298,1995,0
144,3,22,298,1996,0
144,3,22,298,1997,0
144,3,22,298,1998,0
144,3,22,298,1999,0
144,3,22,298,2000,0
144,3,22,298,2001,0
144,3,22,298,2002,0
144,3,22,298,2003,0
144,3,22,298,2004,0
144,3,22,298,2005,0
144,3,22,298,2006,0
144,3,22,298,2007,0
144,3,22,298,2008,0
144,3,22,298,2009,0
144,3,22,298,2010,0
144,3,22,298,2011,0
144,3,22,298,2012,0
144,3,22,298,2013,0
144,3,22,298,2014,0
144,3,22,298,2015,0
144,3,22,298,2016,0
145,1,22,298,1990,0
145,1,22,298,1991,0
145,1,22,298,1992,0
145,1,22,298,1993,0
145,1,22,298,1994,0
145,1,22,298,1995,0
145,1,22,298,1996,0
145,1,22,298,1997,0
145,1,22,298,1998,0
145,1,22,298,1999,0
145,1,22,298,2000,0
145,1,22,298,2001,0
145,1,22,298,2002,0
145,1,22,298,2003,0
145,1,22,298,2004,0
145,1,22,298,2005,0
145,1,22,298,2006,0
145,1,22,298,2007,0
145,1,22,298,2008,0
145,1,22,298,2009,0
145,1,22,298,2010,0
145,1,22,298,2011,0
145,1,22,298,2012,0
145,1,22,298,2013,0
145,1,22,298,2014,0
145,1,22,298,2015,0
145,1,22,298,2016,0
145,2,22,298,1990,0
145,2,22,298,1991,0
145,2,22,298,1992,0
145,2,22,298,1993,0
145,2,22,298,1994,0
145,2,22,298,1995,0
145,2,22,298,1996,0
145,2,22,298,1997,0
145,2,22,298,1998,0
145,2,22,298,1999,0
145,2,22,298,2000,0
145,2,22,298,2001,0
145,2,22,298,2002,0
145,2,22,298,2003,0
145,2,22,298,2004,0
145,2,22,298,2005,0
145,2,22,298,2006,0
145,2,22,298,2007,0
145,2,22,298,2008,0
145,2,22,298,2009,0
145,2,22,298,2010,0
145,2,22,298,2011,0
145,2,22,298,2012,0
145,2,22,298,2013,0
145,2,22,298,2014,0
145,2,22,298,2015,0
145,2,22,298,2016,0
145,3,22,298,1990,0
145,3,22,298,1991,0
145,3,22,298,1992,0
145,3,22,298,1993,0
145,3,22,298,1994,0
145,3,22,298,1995,0
145,3,22,298,1996,0
145,3,22,298,1997,0
145,3,22,298,1998,0
145,3,22,298,1999,0
145,3,22,298,2000,0
145,3,22,298,2001,0
145,3,22,298,2002,0
145,3,22,298,2003,0
145,3,22,298,2004,0
145,3,22,298,2005,0
145,3,22,298,2006,0
145,3,22,298,2007,0
145,3,22,298,2008,0
145,3,22,298,2009,0
145,3,22,298,2010,0
145,3,22,298,2011,0
145,3,22,298,2012,0
145,3,22,298,2013,0
145,3,22,298,2014,0
145,3,22,298,2015,0
145,3,22,298,2016,0
146,1,22,298,1990,0
146,1,22,298,1991,0
146,1,22,298,1992,0
146,1,22,298,1993,0
146,1,22,298,1994,0
146,1,22,298,1995,0
146,1,22,298,1996,0.01
146,1,22,298,1997,0.01
146,1,22,298,1998,0.01
146,1,22,298,1999,0.01
146,1,22,298,2000,0.01
146,1,22,298,2001,0.01
146,1,22,298,2002,0.01
146,1,22,298,2003,0.01
146,1,22,298,2004,0.01
146,1,22,298,2005,0.01
146,1,22,298,2006,0
146,1,22,298,2007,0
146,1,22,298,2008,0
146,1,22,298,2009,0
146,1,22,298,2010,0
146,1,22,298,2011,0
146,1,22,298,2012,0
146,1,22,298,2013,0
146,1,22,298,2014,0
146,1,22,298,2015,0
146,1,22,298,2016,0
146,2,22,298,1990,0
146,2,22,298,1991,0
146,2,22,298,1992,0
146,2,22,298,1993,0
146,2,22,298,1994,0
146,2,22,298,1995,0
146,2,22,298,1996,0
146,2,22,298,1997,0
146,2,22,298,1998,0
146,2,22,298,1999,0
146,2,22,298,2000,0
146,2,22,298,2001,0
146,2,22,298,2002,0
146,2,22,298,2003,0
146,2,22,298,2004,0
146,2,22,298,2005,0
146,2,22,298,2006,0
146,2,22,298,2007,0
146,2,22,298,2008,0
146,2,22,298,2009,0
146,2,22,298,2010,0
146,2,22,298,2011,0
146,2,22,298,2012,0
146,2,22,298,2013,0
146,2,22,298,2014,0
146,2,22,298,2015,0
146,2,22,298,2016,0
146,3,22,298,1990,0
146,3,22,298,1991,0
146,3,22,298,1992,0
146,3,22,298,1993,0
146,3,22,298,1994,0
146,3,22,298,1995,0
146,3,22,298,1996,0
146,3,22,298,1997,0
146,3,22,298,1998,0
146,3,22,298,1999,0
146,3,22,298,2000,0
146,3,22,298,2001,0
146,3,22,298,2002,0
146,3,22,298,2003,0
146,3,22,298,2004,0
146,3,22,298,2005,0
146,3,22,298,2006,0
146,3,22,298,2007,0
146,3,22,298,2008,0
146,3,22,298,2009,0
146,3,22,298,2010,0
146,3,22,298,2011,0
146,3,22,298,2012,0
146,3,22,298,2013,0
146,3,22,298,2014,0
146,3,22,298,2015,0
146,3,22,298,2016,0
147,1,22,298,1990,0
147,1,22,298,1991,0
147,1,22,298,1992,0
147,1,22,298,1993,0
147,1,22,298,1994,0
147,1,22,298,1995,0
147,1,22,298,1996,0
147,1,22,298,1997,0
147,1,22,298,1998,0
147,1,22,298,1999,0
147,1,22,298,2000,0
147,1,22,298,2001,0
147,1,22,298,2002,0
147,1,22,298,2003,0
147,1,22,298,2004,0
147,1,22,298,2005,0
147,1,22,298,2006,0
147,1,22,298,2007,0
147,1,22,298,2008,0
147,1,22,298,2009,0
147,1,22,298,2010,0
147,1,22,298,2011,0
147,1,22,298,2012,0
147,1,22,298,2013,0
147,1,22,298,2014,0
147,1,22,298,2015,0
147,1,22,298,2016,0
147,2,22,298,1990,0
147,2,22,298,1991,0
147,2,22,298,1992,0
147,2,22,298,1993,0
147,2,22,298,1994,0
147,2,22,298,1995,0
147,2,22,298,1996,0
147,2,22,298,1997,0
147,2,22,298,1998,0
147,2,22,298,1999,0
147,2,22,298,2000,0
147,2,22,298,2001,0
147,2,22,298,2002,0
147,2,22,298,2003,0
147,2,22,298,2004,0
147,2,22,298,2005,0
147,2,22,298,2006,0
147,2,22,298,2007,0
147,2,22,298,2008,0
147,2,22,298,2009,0
147,2,22,298,2010,0
147,2,22,298,2011,0
147,2,22,298,2012,0
147,2,22,298,2013,0
147,2,22,298,2014,0
147,2,22,298,2015,0
147,2,22,298,2016,0
147,3,22,298,1990,0
147,3,22,298,1991,0
147,3,22,298,1992,0
147,3,22,298,1993,0
147,3,22,298,1994,0
147,3,22,298,1995,0
147,3,22,298,1996,0
147,3,22,298,1997,0
147,3,22,298,1998,0
147,3,22,298,1999,0
147,3,22,298,2000,0
147,3,22,298,2001,0
147,3,22,298,2002,0
147,3,22,298,2003,0
147,3,22,298,2004,0
147,3,22,298,2005,0
147,3,22,298,2006,0
147,3,22,298,2007,0
147,3,22,298,2008,0
147,3,22,298,2009,0
147,3,22,298,2010,0
147,3,22,298,2011,0
147,3,22,298,2012,0
147,3,22,298,2013,0
147,3,22,298,2014,0
147,3,22,298,2015,0
147,3,22,298,2016,0
148,1,22,298,1990,0
148,1,22,298,1991,0
148,1,22,298,1992,0
148,1,22,298,1993,0
148,1,22,298,1994,0
148,1,22,298,1995,0
148,1,22,298,1996,0
148,1,22,298,1997,0
148,1,22,298,1998,0
148,1,22,298,1999,0
148,1,22,298,2000,0
148,1,22,298,2001,0
148,1,22,298,2002,0
148,1,22,298,2003,0
148,1,22,298,2004,0
148,1,22,298,2005,0
148,1,22,298,2006,0
148,1,22,298,2007,0
148,1,22,298,2008,0
148,1,22,298,2009,0
148,1,22,298,2010,0
148,1,22,298,2011,0
148,1,22,298,2012,0
148,1,22,298,2013,0
148,1,22,298,2014,0
148,1,22,298,2015,0
148,1,22,298,2016,0
148,2,22,298,1990,0
148,2,22,298,1991,0
148,2,22,298,1992,0
148,2,22,298,1993,0
148,2,22,298,1994,0
148,2,22,298,1995,0
148,2,22,298,1996,0
148,2,22,298,1997,0
148,2,22,298,1998,0
148,2,22,298,1999,0
148,2,22,298,2000,0
148,2,22,298,2001,0
148,2,22,298,2002,0
148,2,22,298,2003,0
148,2,22,298,2004,0
148,2,22,298,2005,0
148,2,22,298,2006,0
148,2,22,298,2007,0
148,2,22,298,2008,0
148,2,22,298,2009,0
148,2,22,298,2010,0
148,2,22,298,2011,0.01
148,2,22,298,2012,0
148,2,22,298,2013,0
148,2,22,298,2014,0
148,2,22,298,2015,0
148,2,22,298,2016,0
148,3,22,298,1990,0
148,3,22,298,1991,0
148,3,22,298,1992,0
148,3,22,298,1993,0
148,3,22,298,1994,0
148,3,22,298,1995,0
148,3,22,298,1996,0
148,3,22,298,1997,0
148,3,22,298,1998,0
148,3,22,298,1999,0
148,3,22,298,2000,0
148,3,22,298,2001,0
148,3,22,298,2002,0
148,3,22,298,2003,0
148,3,22,298,2004,0
148,3,22,298,2005,0
148,3,22,298,2006,0
148,3,22,298,2007,0
148,3,22,298,2008,0
148,3,22,298,2009,0
148,3,22,298,2010,0
148,3,22,298,2011,0
148,3,22,298,2012,0
148,3,22,298,2013,0
148,3,22,298,2014,0
148,3,22,298,2015,0
148,3,22,298,2016,0
149,1,22,298,1990,0
149,1,22,298,1991,0
149,1,22,298,1992,0
149,1,22,298,1993,0
149,1,22,298,1994,0
149,1,22,298,1995,0
149,1,22,298,1996,0
149,1,22,298,1997,0
149,1,22,298,1998,0
149,1,22,298,1999,0
149,1,22,298,2000,0
149,1,22,298,2001,0
149,1,22,298,2002,0
149,1,22,298,2003,0
149,1,22,298,2004,0
149,1,22,298,2005,0
149,1,22,298,2006,0
149,1,22,298,2007,0
149,1,22,298,2008,0
149,1,22,298,2009,0
149,1,22,298,2010,0
149,1,22,298,2011,0
149,1,22,298,2012,0
149,1,22,298,2013,0
149,1,22,298,2014,0
149,1,22,298,2015,0
149,1,22,298,2016,0
149,2,22,298,1990,0
149,2,22,298,1991,0
149,2,22,298,1992,0
149,2,22,298,1993,0
149,2,22,298,1994,0
149,2,22,298,1995,0
149,2,22,298,1996,0
149,2,22,298,1997,0
149,2,22,298,1998,0
149,2,22,298,1999,0
149,2,22,298,2000,0
149,2,22,298,2001,0
149,2,22,298,2002,0
149,2,22,298,2003,0
149,2,22,298,2004,0
149,2,22,298,2005,0
149,2,22,298,2006,0
149,2,22,298,2007,0
149,2,22,298,2008,0
149,2,22,298,2009,0
149,2,22,298,2010,0
149,2,22,298,2011,0
149,2,22,298,2012,0
149,2,22,298,2013,0
149,2,22,298,2014,0
149,2,22,298,2015,0
149,2,22,298,2016,0
149,3,22,298,1990,0
149,3,22,298,1991,0
149,3,22,298,1992,0
149,3,22,298,1993,0
149,3,22,298,1994,0
149,3,22,298,1995,0
149,3,22,298,1996,0
149,3,22,298,1997,0
149,3,22,298,1998,0
149,3,22,298,1999,0
149,3,22,298,2000,0
149,3,22,298,2001,0
149,3,22,298,2002,0
149,3,22,298,2003,0
149,3,22,298,2004,0
149,3,22,298,2005,0
149,3,22,298,2006,0
149,3,22,298,2007,0
149,3,22,298,2008,0
149,3,22,298,2009,0
149,3,22,298,2010,0
149,3,22,298,2011,0
149,3,22,298,2012,0
149,3,22,298,2013,0
149,3,22,298,2014,0
149,3,22,298,2015,0
149,3,22,298,2016,0
150,1,22,298,1990,0
150,1,22,298,1991,0
150,1,22,298,1992,0
150,1,22,298,1993,0
150,1,22,298,1994,0
150,1,22,298,1995,0
150,1,22,298,1996,0
150,1,22,298,1997,0
150,1,22,298,1998,0
150,1,22,298,1999,0
150,1,22,298,2000,0
150,1,22,298,2001,0
150,1,22,298,2002,0
150,1,22,298,2003,0
150,1,22,298,2004,0
150,1,22,298,2005,0
150,1,22,298,2006,0
150,1,22,298,2007,0
150,1,22,298,2008,0
150,1,22,298,2009,0
150,1,22,298,2010,0
150,1,22,298,2011,0
150,1,22,298,2012,0
150,1,22,298,2013,0
150,1,22,298,2014,0
150,1,22,298,2015,0
150,1,22,298,2016,0
150,2,22,298,1990,0
150,2,22,298,1991,0
150,2,22,298,1992,0
150,2,22,298,1993,0
150,2,22,298,1994,0
150,2,22,298,1995,0
150,2,22,298,1996,0
150,2,22,298,1997,0
150,2,22,298,1998,0
150,2,22,298,1999,0
150,2,22,298,2000,0
150,2,22,298,2001,0
150,2,22,298,2002,0
150,2,22,298,2003,0
150,2,22,298,2004,0
150,2,22,298,2005,0
150,2,22,298,2006,0
150,2,22,298,2007,0
150,2,22,298,2008,0
150,2,22,298,2009,0
150,2,22,298,2010,0
150,2,22,298,2011,0
150,2,22,298,2012,0
150,2,22,298,2013,0
150,2,22,298,2014,0
150,2,22,298,2015,0
150,2,22,298,2016,0
150,3,22,298,1990,0
150,3,22,298,1991,0
150,3,22,298,1992,0
150,3,22,298,1993,0
150,3,22,298,1994,0
150,3,22,298,1995,0
150,3,22,298,1996,0
150,3,22,298,1997,0
150,3,22,298,1998,0
150,3,22,298,1999,0
150,3,22,298,2000,0
150,3,22,298,2001,0
150,3,22,298,2002,0
150,3,22,298,2003,0
150,3,22,298,2004,0
150,3,22,298,2005,0
150,3,22,298,2006,0
150,3,22,298,2007,0
150,3,22,298,2008,0
150,3,22,298,2009,0
150,3,22,298,2010,0
150,3,22,298,2011,0
150,3,22,298,2012,0
150,3,22,298,2013,0
150,3,22,298,2014,0
150,3,22,298,2015,0
150,3,22,298,2016,0
151,1,22,298,1990,0
151,1,22,298,1991,0
151,1,22,298,1992,0
151,1,22,298,1993,0
151,1,22,298,1994,0
151,1,22,298,1995,0
151,1,22,298,1996,0
151,1,22,298,1997,0
151,1,22,298,1998,0
151,1,22,298,1999,0
151,1,22,298,2000,0
151,1,22,298,2001,0
151,1,22,298,2002,0
151,1,22,298,2003,0
151,1,22,298,2004,0
151,1,22,298,2005,0
151,1,22,298,2006,0
151,1,22,298,2007,0
151,1,22,298,2008,0
151,1,22,298,2009,0
151,1,22,298,2010,0
151,1,22,298,2011,0
151,1,22,298,2012,0
151,1,22,298,2013,0
151,1,22,298,2014,0
151,1,22,298,2015,0
151,1,22,298,2016,0
151,2,22,298,1990,0
151,2,22,298,1991,0
151,2,22,298,1992,0
151,2,22,298,1993,0
151,2,22,298,1994,0
151,2,22,298,1995,0
151,2,22,298,1996,0
151,2,22,298,1997,0
151,2,22,298,1998,0
151,2,22,298,1999,0
151,2,22,298,2000,0
151,2,22,298,2001,0
151,2,22,298,2002,0
151,2,22,298,2003,0
151,2,22,298,2004,0
151,2,22,298,2005,0
151,2,22,298,2006,0
151,2,22,298,2007,0
151,2,22,298,2008,0
151,2,22,298,2009,0
151,2,22,298,2010,0
151,2,22,298,2011,0
151,2,22,298,2012,0
151,2,22,298,2013,0
151,2,22,298,2014,0
151,2,22,298,2015,0
151,2,22,298,2016,0
151,3,22,298,1990,0
151,3,22,298,1991,0
151,3,22,298,1992,0
151,3,22,298,1993,0
151,3,22,298,1994,0
151,3,22,298,1995,0
151,3,22,298,1996,0
151,3,22,298,1997,0
151,3,22,298,1998,0
151,3,22,298,1999,0
151,3,22,298,2000,0
151,3,22,298,2001,0
151,3,22,298,2002,0
151,3,22,298,2003,0
151,3,22,298,2004,0
151,3,22,298,2005,0
151,3,22,298,2006,0
151,3,22,298,2007,0
151,3,22,298,2008,0
151,3,22,298,2009,0
151,3,22,298,2010,0
151,3,22,298,2011,0
151,3,22,298,2012,0
151,3,22,298,2013,0
151,3,22,298,2014,0
151,3,22,298,2015,0
151,3,22,298,2016,0
152,1,22,298,1990,0
152,1,22,298,1991,0
152,1,22,298,1992,0
152,1,22,298,1993,0
152,1,22,298,1994,0
152,1,22,298,1995,0
152,1,22,298,1996,0
152,1,22,298,1997,0
152,1,22,298,1998,0
152,1,22,298,1999,0
152,1,22,298,2000,0
152,1,22,298,2001,0
152,1,22,298,2002,0
152,1,22,298,2003,0
152,1,22,298,2004,0
152,1,22,298,2005,0
152,1,22,298,2006,0
152,1,22,298,2007,0
152,1,22,298,2008,0
152,1,22,298,2009,0
152,1,22,298,2010,0
152,1,22,298,2011,0
152,1,22,298,2012,0
152,1,22,298,2013,0
152,1,22,298,2014,0
152,1,22,298,2015,0
152,1,22,298,2016,0
152,2,22,298,1990,0
152,2,22,298,1991,0
152,2,22,298,1992,0
152,2,22,298,1993,0
152,2,22,298,1994,0
152,2,22,298,1995,0
152,2,22,298,1996,0
152,2,22,298,1997,0
152,2,22,298,1998,0
152,2,22,298,1999,0
152,2,22,298,2000,0
152,2,22,298,2001,0
152,2,22,298,2002,0
152,2,22,298,2003,0
152,2,22,298,2004,0
152,2,22,298,2005,0
152,2,22,298,2006,0
152,2,22,298,2007,0
152,2,22,298,2008,0
152,2,22,298,2009,0
152,2,22,298,2010,0
152,2,22,298,2011,0
152,2,22,298,2012,0
152,2,22,298,2013,0.01
152,2,22,298,2014,0.01
152,2,22,298,2015,0.01
152,2,22,298,2016,0.01
152,3,22,298,1990,0
152,3,22,298,1991,0
152,3,22,298,1992,0
152,3,22,298,1993,0
152,3,22,298,1994,0
152,3,22,298,1995,0
152,3,22,298,1996,0
152,3,22,298,1997,0
152,3,22,298,1998,0
152,3,22,298,1999,0
152,3,22,298,2000,0
152,3,22,298,2001,0
152,3,22,298,2002,0
152,3,22,298,2003,0
152,3,22,298,2004,0
152,3,22,298,2005,0
152,3,22,298,2006,0
152,3,22,298,2007,0
152,3,22,298,2008,0
152,3,22,298,2009,0
152,3,22,298,2010,0
152,3,22,298,2011,0
152,3,22,298,2012,0
152,3,22,298,2013,0
152,3,22,298,2014,0.01
152,3,22,298,2015,0.01
152,3,22,298,2016,0.01
153,1,22,298,1990,0
153,1,22,298,1991,0
153,1,22,298,1992,0
153,1,22,298,1993,0
153,1,22,298,1994,0
153,1,22,298,1995,0
153,1,22,298,1996,0
153,1,22,298,1997,0
153,1,22,298,1998,0
153,1,22,298,1999,0
153,1,22,298,2000,0
153,1,22,298,2001,0
153,1,22,298,2002,0
153,1,22,298,2003,0
153,1,22,298,2004,0
153,1,22,298,2005,0
153,1,22,298,2006,0
153,1,22,298,2007,0
153,1,22,298,2008,0
153,1,22,298,2009,0
153,1,22,298,2010,0
153,1,22,298,2011,0
153,1,22,298,2012,0
153,1,22,298,2013,0
153,1,22,298,2014,0
153,1,22,298,2015,0
153,1,22,298,2016,0
153,2,22,298,1990,0
153,2,22,298,1991,0
153,2,22,298,1992,0
153,2,22,298,1993,0
153,2,22,298,1994,0
153,2,22,298,1995,0
153,2,22,298,1996,0
153,2,22,298,1997,0
153,2,22,298,1998,0
153,2,22,298,1999,0
153,2,22,298,2000,0
153,2,22,298,2001,0
153,2,22,298,2002,0
153,2,22,298,2003,0
153,2,22,298,2004,0
153,2,22,298,2005,0
153,2,22,298,2006,0
153,2,22,298,2007,0
153,2,22,298,2008,0
153,2,22,298,2009,0
153,2,22,298,2010,0
153,2,22,298,2011,0
153,2,22,298,2012,0
153,2,22,298,2013,0
153,2,22,298,2014,0
153,2,22,298,2015,0
153,2,22,298,2016,0
153,3,22,298,1990,0
153,3,22,298,1991,0
153,3,22,298,1992,0
153,3,22,298,1993,0
153,3,22,298,1994,0
153,3,22,298,1995,0
153,3,22,298,1996,0
153,3,22,298,1997,0
153,3,22,298,1998,0
153,3,22,298,1999,0
153,3,22,298,2000,0
153,3,22,298,2001,0
153,3,22,298,2002,0
153,3,22,298,2003,0
153,3,22,298,2004,0
153,3,22,298,2005,0
153,3,22,298,2006,0
153,3,22,298,2007,0
153,3,22,298,2008,0
153,3,22,298,2009,0
153,3,22,298,2010,0
153,3,22,298,2011,0
153,3,22,298,2012,0
153,3,22,298,2013,0
153,3,22,298,2014,0
153,3,22,298,2015,0
153,3,22,298,2016,0
154,1,22,298,1990,0
154,1,22,298,1991,0
154,1,22,298,1992,0
154,1,22,298,1993,0
154,1,22,298,1994,0
154,1,22,298,1995,0
154,1,22,298,1996,0
154,1,22,298,1997,0
154,1,22,298,1998,0
154,1,22,298,1999,0
154,1,22,298,2000,0
154,1,22,298,2001,0
154,1,22,298,2002,0
154,1,22,298,2003,0
154,1,22,298,2004,0
154,1,22,298,2005,0
154,1,22,298,2006,0
154,1,22,298,2007,0
154,1,22,298,2008,0
154,1,22,298,2009,0
154,1,22,298,2010,0
154,1,22,298,2011,0
154,1,22,298,2012,0
154,1,22,298,2013,0
154,1,22,298,2014,0
154,1,22,298,2015,0
154,1,22,298,2016,0
154,2,22,298,1990,0
154,2,22,298,1991,0
154,2,22,298,1992,0
154,2,22,298,1993,0
154,2,22,298,1994,0
154,2,22,298,1995,0
154,2,22,298,1996,0
154,2,22,298,1997,0
154,2,22,298,1998,0
154,2,22,298,1999,0
154,2,22,298,2000,0
154,2,22,298,2001,0
154,2,22,298,2002,0
154,2,22,298,2003,0
154,2,22,298,2004,0
154,2,22,298,2005,0
154,2,22,298,2006,0
154,2,22,298,2007,0
154,2,22,298,2008,0
154,2,22,298,2009,0
154,2,22,298,2010,0
154,2,22,298,2011,0
154,2,22,298,2012,0
154,2,22,298,2013,0
154,2,22,298,2014,0
154,2,22,298,2015,0
154,2,22,298,2016,0
154,3,22,298,1990,0
154,3,22,298,1991,0
154,3,22,298,1992,0
154,3,22,298,1993,0
154,3,22,298,1994,0
154,3,22,298,1995,0
154,3,22,298,1996,0
154,3,22,298,1997,0
154,3,22,298,1998,0
154,3,22,298,1999,0
154,3,22,298,2000,0
154,3,22,298,2001,0
154,3,22,298,2002,0
154,3,22,298,2003,0
154,3,22,298,2004,0
154,3,22,298,2005,0
154,3,22,298,2006,0
154,3,22,298,2007,0
154,3,22,298,2008,0
154,3,22,298,2009,0
154,3,22,298,2010,0
154,3,22,298,2011,0
154,3,22,298,2012,0
154,3,22,298,2013,0
154,3,22,298,2014,0
154,3,22,298,2015,0
154,3,22,298,2016,0
155,1,22,298,1990,0
155,1,22,298,1991,0
155,1,22,298,1992,0
155,1,22,298,1993,0
155,1,22,298,1994,0
155,1,22,298,1995,0
155,1,22,298,1996,0
155,1,22,298,1997,0
155,1,22,298,1998,0
155,1,22,298,1999,0
155,1,22,298,2000,0
155,1,22,298,2001,0
155,1,22,298,2002,0
155,1,22,298,2003,0
155,1,22,298,2004,0
155,1,22,298,2005,0
155,1,22,298,2006,0
155,1,22,298,2007,0
155,1,22,298,2008,0
155,1,22,298,2009,0
155,1,22,298,2010,0
155,1,22,298,2011,0
155,1,22,298,2012,0
155,1,22,298,2013,0
155,1,22,298,2014,0
155,1,22,298,2015,0
155,1,22,298,2016,0
155,2,22,298,1990,0
155,2,22,298,1991,0
155,2,22,298,1992,0
155,2,22,298,1993,0
155,2,22,298,1994,0
155,2,22,298,1995,0
155,2,22,298,1996,0
155,2,22,298,1997,0
155,2,22,298,1998,0
155,2,22,298,1999,0
155,2,22,298,2000,0
155,2,22,298,2001,0
155,2,22,298,2002,0
155,2,22,298,2003,0
155,2,22,298,2004,0
155,2,22,298,2005,0
155,2,22,298,2006,0
155,2,22,298,2007,0
155,2,22,298,2008,0
155,2,22,298,2009,0
155,2,22,298,2010,0
155,2,22,298,2011,0
155,2,22,298,2012,0
155,2,22,298,2013,0
155,2,22,298,2014,0
155,2,22,298,2015,0
155,2,22,298,2016,0
155,3,22,298,1990,0
155,3,22,298,1991,0
155,3,22,298,1992,0
155,3,22,298,1993,0
155,3,22,298,1994,0
155,3,22,298,1995,0
155,3,22,298,1996,0
155,3,22,298,1997,0
155,3,22,298,1998,0
155,3,22,298,1999,0
155,3,22,298,2000,0
155,3,22,298,2001,0
155,3,22,298,2002,0
155,3,22,298,2003,0
155,3,22,298,2004,0
155,3,22,298,2005,0
155,3,22,298,2006,0
155,3,22,298,2007,0
155,3,22,298,2008,0
155,3,22,298,2009,0
155,3,22,298,2010,0
155,3,22,298,2011,0
155,3,22,298,2012,0
155,3,22,298,2013,0
155,3,22,298,2014,0
155,3,22,298,2015,0
155,3,22,298,2016,0
156,1,22,298,1990,0
156,1,22,298,1991,0
156,1,22,298,1992,0
156,1,22,298,1993,0
156,1,22,298,1994,0
156,1,22,298,1995,0
156,1,22,298,1996,0
156,1,22,298,1997,0
156,1,22,298,1998,0
156,1,22,298,1999,0
156,1,22,298,2000,0
156,1,22,298,2001,0
156,1,22,298,2002,0
156,1,22,298,2003,0
156,1,22,298,2004,0
156,1,22,298,2005,0
156,1,22,298,2006,0
156,1,22,298,2007,0
156,1,22,298,2008,0
156,1,22,298,2009,0
156,1,22,298,2010,0
156,1,22,298,2011,0
156,1,22,298,2012,0
156,1,22,298,2013,0.01
156,1,22,298,2014,0
156,1,22,298,2015,0
156,1,22,298,2016,0
156,2,22,298,1990,0
156,2,22,298,1991,0
156,2,22,298,1992,0
156,2,22,298,1993,0
156,2,22,298,1994,0
156,2,22,298,1995,0
156,2,22,298,1996,0
156,2,22,298,1997,0
156,2,22,298,1998,0
156,2,22,298,1999,0
156,2,22,298,2000,0
156,2,22,298,2001,0
156,2,22,298,2002,0
156,2,22,298,2003,0
156,2,22,298,2004,0
156,2,22,298,2005,0
156,2,22,298,2006,0
156,2,22,298,2007,0
156,2,22,298,2008,0
156,2,22,298,2009,0
156,2,22,298,2010,0
156,2,22,298,2011,0
156,2,22,298,2012,0
156,2,22,298,2013,0
156,2,22,298,2014,0
156,2,22,298,2015,0
156,2,22,298,2016,0
156,3,22,298,1990,0
156,3,22,298,1991,0
156,3,22,298,1992,0
156,3,22,298,1993,0
156,3,22,298,1994,0
156,3,22,298,1995,0
156,3,22,298,1996,0
156,3,22,298,1997,0
156,3,22,298,1998,0
156,3,22,298,1999,0
156,3,22,298,2000,0
156,3,22,298,2001,0
156,3,22,298,2002,0
156,3,22,298,2003,0
156,3,22,298,2004,0
156,3,22,298,2005,0
156,3,22,298,2006,0
156,3,22,298,2007,0
156,3,22,298,2008,0
156,3,22,298,2009,0
156,3,22,298,2010,0
156,3,22,298,2011,0
156,3,22,298,2012,0
156,3,22,298,2013,0
156,3,22,298,2014,0
156,3,22,298,2015,0
156,3,22,298,2016,0
157,1,22,298,1990,0
157,1,22,298,1991,0
157,1,22,298,1992,0
157,1,22,298,1993,0
157,1,22,298,1994,0
157,1,22,298,1995,0
157,1,22,298,1996,0
157,1,22,298,1997,0
157,1,22,298,1998,0
157,1,22,298,1999,0
157,1,22,298,2000,0
157,1,22,298,2001,0
157,1,22,298,2002,0
157,1,22,298,2003,0
157,1,22,298,2004,0
157,1,22,298,2005,0
157,1,22,298,2006,0
157,1,22,298,2007,0
157,1,22,298,2008,0
157,1,22,298,2009,0
157,1,22,298,2010,0
157,1,22,298,2011,0
157,1,22,298,2012,0
157,1,22,298,2013,0
157,1,22,298,2014,0
157,1,22,298,2015,0
157,1,22,298,2016,0
157,2,22,298,1990,0
157,2,22,298,1991,0
157,2,22,298,1992,0
157,2,22,298,1993,0
157,2,22,298,1994,0
157,2,22,298,1995,0
157,2,22,298,1996,0
157,2,22,298,1997,0
157,2,22,298,1998,0
157,2,22,298,1999,0
157,2,22,298,2000,0
157,2,22,298,2001,0
157,2,22,298,2002,0
157,2,22,298,2003,0
157,2,22,298,2004,0
157,2,22,298,2005,0
157,2,22,298,2006,0
157,2,22,298,2007,0
157,2,22,298,2008,0
157,2,22,298,2009,0
157,2,22,298,2010,0
157,2,22,298,2011,0
157,2,22,298,2012,0
157,2,22,298,2013,0
157,2,22,298,2014,0
157,2,22,298,2015,0
157,2,22,298,2016,0
157,3,22,298,1990,0
157,3,22,298,1991,0
157,3,22,298,1992,0
157,3,22,298,1993,0
157,3,22,298,1994,0
157,3,22,298,1995,0
157,3,22,298,1996,0
157,3,22,298,1997,0
157,3,22,298,1998,0
157,3,22,298,1999,0
157,3,22,298,2000,0
157,3,22,298,2001,0
157,3,22,298,2002,0
157,3,22,298,2003,0
157,3,22,298,2004,0
157,3,22,298,2005,0
157,3,22,298,2006,0
157,3,22,298,2007,0
157,3,22,298,2008,0
157,3,22,298,2009,0
157,3,22,298,2010,0
157,3,22,298,2011,0
157,3,22,298,2012,0
157,3,22,298,2013,0
157,3,22,298,2014,0
157,3,22,298,2015,0
157,3,22,298,2016,0
160,1,22,298,1990,0
160,1,22,298,1991,0
160,1,22,298,1992,0
160,1,22,298,1993,0
160,1,22,298,1994,0
160,1,22,298,1995,0
160,1,22,298,1996,0
160,1,22,298,1997,0
160,1,22,298,1998,0
160,1,22,298,1999,0
160,1,22,298,2000,0
160,1,22,298,2001,0
160,1,22,298,2002,0
160,1,22,298,2003,0
160,1,22,298,2004,0
160,1,22,298,2005,0
160,1,22,298,2006,0
160,1,22,298,2007,0
160,1,22,298,2008,0
160,1,22,298,2009,0
160,1,22,298,2010,0
160,1,22,298,2011,0
160,1,22,298,2012,0
160,1,22,298,2013,0
160,1,22,298,2014,0
160,1,22,298,2015,0
160,1,22,298,2016,0
160,2,22,298,1990,0
160,2,22,298,1991,0
160,2,22,298,1992,0
160,2,22,298,1993,0
160,2,22,298,1994,0
160,2,22,298,1995,0
160,2,22,298,1996,0
160,2,22,298,1997,0
160,2,22,298,1998,0
160,2,22,298,1999,0
160,2,22,298,2000,0
160,2,22,298,2001,0
160,2,22,298,2002,0
160,2,22,298,2003,0
160,2,22,298,2004,0
160,2,22,298,2005,0
160,2,22,298,2006,0
160,2,22,298,2007,0
160,2,22,298,2008,0
160,2,22,298,2009,0
160,2,22,298,2010,0
160,2,22,298,2011,0
160,2,22,298,2012,0
160,2,22,298,2013,0
160,2,22,298,2014,0
160,2,22,298,2015,0
160,2,22,298,2016,0
160,3,22,298,1990,0
160,3,22,298,1991,0
160,3,22,298,1992,0
160,3,22,298,1993,0
160,3,22,298,1994,0
160,3,22,298,1995,0
160,3,22,298,1996,0
160,3,22,298,1997,0
160,3,22,298,1998,0
160,3,22,298,1999,0
160,3,22,298,2000,0
160,3,22,298,2001,0
160,3,22,298,2002,0
160,3,22,298,2003,0
160,3,22,298,2004,0
160,3,22,298,2005,0
160,3,22,298,2006,0
160,3,22,298,2007,0
160,3,22,298,2008,0
160,3,22,298,2009,0
160,3,22,298,2010,0
160,3,22,298,2011,0
160,3,22,298,2012,0
160,3,22,298,2013,0
160,3,22,298,2014,0
160,3,22,298,2015,0
160,3,22,298,2016,0
161,1,22,298,1990,0
161,1,22,298,1991,0
161,1,22,298,1992,0
161,1,22,298,1993,0
161,1,22,298,1994,0
161,1,22,298,1995,0
161,1,22,298,1996,0
161,1,22,298,1997,0
161,1,22,298,1998,0
161,1,22,298,1999,0
161,1,22,298,2000,0
161,1,22,298,2001,0
161,1,22,298,2002,0
161,1,22,298,2003,0
161,1,22,298,2004,0
161,1,22,298,2005,0
161,1,22,298,2006,0
161,1,22,298,2007,0
161,1,22,298,2008,0
161,1,22,298,2009,0
161,1,22,298,2010,0
161,1,22,298,2011,0
161,1,22,298,2012,0
161,1,22,298,2013,0
161,1,22,298,2014,0
161,1,22,298,2015,0
161,1,22,298,2016,0
161,2,22,298,1990,0
161,2,22,298,1991,0
161,2,22,298,1992,0
161,2,22,298,1993,0
161,2,22,298,1994,0
161,2,22,298,1995,0
161,2,22,298,1996,0
161,2,22,298,1997,0
161,2,22,298,1998,0
161,2,22,298,1999,0
161,2,22,298,2000,0
161,2,22,298,2001,0
161,2,22,298,2002,0
161,2,22,298,2003,0
161,2,22,298,2004,0
161,2,22,298,2005,0
161,2,22,298,2006,0
161,2,22,298,2007,0
161,2,22,298,2008,0
161,2,22,298,2009,0
161,2,22,298,2010,0
161,2,22,298,2011,0
161,2,22,298,2012,0
161,2,22,298,2013,0
161,2,22,298,2014,0
161,2,22,298,2015,0
161,2,22,298,2016,0
161,3,22,298,1990,0
161,3,22,298,1991,0
161,3,22,298,1992,0
161,3,22,298,1993,0
161,3,22,298,1994,0
161,3,22,298,1995,0
161,3,22,298,1996,0
161,3,22,298,1997,0
161,3,22,298,1998,0
161,3,22,298,1999,0
161,3,22,298,2000,0
161,3,22,298,2001,0
161,3,22,298,2002,0
161,3,22,298,2003,0
161,3,22,298,2004,0
161,3,22,298,2005,0
161,3,22,298,2006,0
161,3,22,298,2007,0
161,3,22,298,2008,0
161,3,22,298,2009,0
161,3,22,298,2010,0
161,3,22,298,2011,0
161,3,22,298,2012,0
161,3,22,298,2013,0
161,3,22,298,2014,0
161,3,22,298,2015,0
161,3,22,298,2016,0
162,1,22,298,1990,0
162,1,22,298,1991,0
162,1,22,298,1992,0
162,1,22,298,1993,0
162,1,22,298,1994,0
162,1,22,298,1995,0
162,1,22,298,1996,0
162,1,22,298,1997,0
162,1,22,298,1998,0
162,1,22,298,1999,0
162,1,22,298,2000,0
162,1,22,298,2001,0
162,1,22,298,2002,0
162,1,22,298,2003,0
162,1,22,298,2004,0.01
162,1,22,298,2005,0.01
162,1,22,298,2006,0.01
162,1,22,298,2007,0.01
162,1,22,298,2008,0.01
162,1,22,298,2009,0.01
162,1,22,298,2010,0.01
162,1,22,298,2011,0.01
162,1,22,298,2012,0.01
162,1,22,298,2013,0.01
162,1,22,298,2014,0.02
162,1,22,298,2015,0.02
162,1,22,298,2016,0.02
162,2,22,298,1990,0
162,2,22,298,1991,0
162,2,22,298,1992,0
162,2,22,298,1993,0
162,2,22,298,1994,0
162,2,22,298,1995,0
162,2,22,298,1996,0
162,2,22,298,1997,0
162,2,22,298,1998,0
162,2,22,298,1999,0
162,2,22,298,2000,0
162,2,22,298,2001,0
162,2,22,298,2002,0
162,2,22,298,2003,0
162,2,22,298,2004,0
162,2,22,298,2005,0
162,2,22,298,2006,0
162,2,22,298,2007,0
162,2,22,298,2008,0
162,2,22,298,2009,0
162,2,22,298,2010,0.01
162,2,22,298,2011,0.01
162,2,22,298,2012,0.01
162,2,22,298,2013,0.01
162,2,22,298,2014,0.01
162,2,22,298,2015,0.01
162,2,22,298,2016,0.01
162,3,22,298,1990,0
162,3,22,298,1991,0
162,3,22,298,1992,0
162,3,22,298,1993,0
162,3,22,298,1994,0
162,3,22,298,1995,0
162,3,22,298,1996,0
162,3,22,298,1997,0
162,3,22,298,1998,0
162,3,22,298,1999,0
162,3,22,298,2000,0
162,3,22,298,2001,0
162,3,22,298,2002,0
162,3,22,298,2003,0
162,3,22,298,2004,0
162,3,22,298,2005,0
162,3,22,298,2006,0.01
162,3,22,298,2007,0.01
162,3,22,298,2008,0.01
162,3,22,298,2009,0.01
162,3,22,298,2010,0.01
162,3,22,298,2011,0.01
162,3,22,298,2012,0.01
162,3,22,298,2013,0.01
162,3,22,298,2014,0.01
162,3,22,298,2015,0.01
162,3,22,298,2016,0.01
163,1,22,298,1990,0
163,1,22,298,1991,0
163,1,22,298,1992,0
163,1,22,298,1993,0
163,1,22,298,1994,0
163,1,22,298,1995,0.01
163,1,22,298,1996,0.01
163,1,22,298,1997,0.01
163,1,22,298,1998,0.01
163,1,22,298,1999,0.01
163,1,22,298,2000,0.02
163,1,22,298,2001,0.02
163,1,22,298,2002,0.02
163,1,22,298,2003,0.02
163,1,22,298,2004,0.03
163,1,22,298,2005,0.03
163,1,22,298,2006,0.03
163,1,22,298,2007,0.03
163,1,22,298,2008,0.03
163,1,22,298,2009,0.03
163,1,22,298,2010,0.02
163,1,22,298,2011,0.02
163,1,22,298,2012,0.02
163,1,22,298,2013,0.02
163,1,22,298,2014,0.02
163,1,22,298,2015,0.02
163,1,22,298,2016,0.02
163,2,22,298,1990,0
163,2,22,298,1991,0
163,2,22,298,1992,0
163,2,22,298,1993,0
163,2,22,298,1994,0
163,2,22,298,1995,0
163,2,22,298,1996,0
163,2,22,298,1997,0.01
163,2,22,298,1998,0.01
163,2,22,298,1999,0.01
163,2,22,298,2000,0.01
163,2,22,298,2001,0.01
163,2,22,298,2002,0.01
163,2,22,298,2003,0.02
163,2,22,298,2004,0.02
163,2,22,298,2005,0.02
163,2,22,298,2006,0.02
163,2,22,298,2007,0.02
163,2,22,298,2008,0.02
163,2,22,298,2009,0.02
163,2,22,298,2010,0.02
163,2,22,298,2011,0.02
163,2,22,298,2012,0.02
163,2,22,298,2013,0.01
163,2,22,298,2014,0.01
163,2,22,298,2015,0.01
163,2,22,298,2016,0.01
163,3,22,298,1990,0
163,3,22,298,1991,0
163,3,22,298,1992,0
163,3,22,298,1993,0
163,3,22,298,1994,0
163,3,22,298,1995,0
163,3,22,298,1996,0.01
163,3,22,298,1997,0.01
163,3,22,298,1998,0.01
163,3,22,298,1999,0.01
163,3,22,298,2000,0.01
163,3,22,298,2001,0.02
163,3,22,298,2002,0.02
163,3,22,298,2003,0.02
163,3,22,298,2004,0.02
163,3,22,298,2005,0.02
163,3,22,298,2006,0.02
163,3,22,298,2007,0.02
163,3,22,298,2008,0.02
163,3,22,298,2009,0.02
163,3,22,298,2010,0.02
163,3,22,298,2011,0.02
163,3,22,298,2012,0.02
163,3,22,298,2013,0.02
163,3,22,298,2014,0.02
163,3,22,298,2015,0.02
163,3,22,298,2016,0.01
164,1,22,298,1990,0
164,1,22,298,1991,0
164,1,22,298,1992,0
164,1,22,298,1993,0
164,1,22,298,1994,0
164,1,22,298,1995,0
164,1,22,298,1996,0
164,1,22,298,1997,0
164,1,22,298,1998,0
164,1,22,298,1999,0
164,1,22,298,2000,0
164,1,22,298,2001,0
164,1,22,298,2002,0.01
164,1,22,298,2003,0.01
164,1,22,298,2004,0.01
164,1,22,298,2005,0.01
164,1,22,298,2006,0.01
164,1,22,298,2007,0.02
164,1,22,298,2008,0.02
164,1,22,298,2009,0.02
164,1,22,298,2010,0.02
164,1,22,298,2011,0.02
164,1,22,298,2012,0.02
164,1,22,298,2013,0.02
164,1,22,298,2014,0.02
164,1,22,298,2015,0.01
164,1,22,298,2016,0.02
164,2,22,298,1990,0
164,2,22,298,1991,0
164,2,22,298,1992,0
164,2,22,298,1993,0
164,2,22,298,1994,0
164,2,22,298,1995,0
164,2,22,298,1996,0
164,2,22,298,1997,0
164,2,22,298,1998,0
164,2,22,298,1999,0
164,2,22,298,2000,0
164,2,22,298,2001,0
164,2,22,298,2002,0
164,2,22,298,2003,0
164,2,22,298,2004,0
164,2,22,298,2005,0
164,2,22,298,2006,0.01
164,2,22,298,2007,0.01
164,2,22,298,2008,0.01
164,2,22,298,2009,0.01
164,2,22,298,2010,0.01
164,2,22,298,2011,0.01
164,2,22,298,2012,0.01
164,2,22,298,2013,0.01
164,2,22,298,2014,0.01
164,2,22,298,2015,0.01
164,2,22,298,2016,0.01
164,3,22,298,1990,0
164,3,22,298,1991,0
164,3,22,298,1992,0
164,3,22,298,1993,0
164,3,22,298,1994,0
164,3,22,298,1995,0
164,3,22,298,1996,0
164,3,22,298,1997,0
164,3,22,298,1998,0
164,3,22,298,1999,0
164,3,22,298,2000,0
164,3,22,298,2001,0
164,3,22,298,2002,0
164,3,22,298,2003,0.01
164,3,22,298,2004,0.01
164,3,22,298,2005,0.01
164,3,22,298,2006,0.01
164,3,22,298,2007,0.01
164,3,22,298,2008,0.01
164,3,22,298,2009,0.01
164,3,22,298,2010,0.01
164,3,22,298,2011,0.01
164,3,22,298,2012,0.01
164,3,22,298,2013,0.01
164,3,22,298,2014,0.01
164,3,22,298,2015,0.01
164,3,22,298,2016,0.01
165,1,22,298,1990,0
165,1,22,298,1991,0
165,1,22,298,1992,0
165,1,22,298,1993,0
165,1,22,298,1994,0
165,1,22,298,1995,0
165,1,22,298,1996,0
165,1,22,298,1997,0
165,1,22,298,1998,0
165,1,22,298,1999,0
165,1,22,298,2000,0
165,1,22,298,2001,0
165,1,22,298,2002,0
165,1,22,298,2003,0
165,1,22,298,2004,0
165,1,22,298,2005,0
165,1,22,298,2006,0
165,1,22,298,2007,0
165,1,22,298,2008,0
165,1,22,298,2009,0
165,1,22,298,2010,0
165,1,22,298,2011,0
165,1,22,298,2012,0
165,1,22,298,2013,0
165,1,22,298,2014,0
165,1,22,298,2015,0
165,1,22,298,2016,0
165,2,22,298,1990,0
165,2,22,298,1991,0
165,2,22,298,1992,0
165,2,22,298,1993,0
165,2,22,298,1994,0
165,2,22,298,1995,0
165,2,22,298,1996,0
165,2,22,298,1997,0
165,2,22,298,1998,0
165,2,22,298,1999,0
165,2,22,298,2000,0
165,2,22,298,2001,0
165,2,22,298,2002,0
165,2,22,298,2003,0
165,2,22,298,2004,0
165,2,22,298,2005,0
165,2,22,298,2006,0
165,2,22,298,2007,0
165,2,22,298,2008,0
165,2,22,298,2009,0
165,2,22,298,2010,0
165,2,22,298,2011,0
165,2,22,298,2012,0
165,2,22,298,2013,0
165,2,22,298,2014,0
165,2,22,298,2015,0
165,2,22,298,2016,0
165,3,22,298,1990,0
165,3,22,298,1991,0
165,3,22,298,1992,0
165,3,22,298,1993,0
165,3,22,298,1994,0
165,3,22,298,1995,0
165,3,22,298,1996,0
165,3,22,298,1997,0
165,3,22,298,1998,0
165,3,22,298,1999,0
165,3,22,298,2000,0
165,3,22,298,2001,0
165,3,22,298,2002,0
165,3,22,298,2003,0
165,3,22,298,2004,0
165,3,22,298,2005,0
165,3,22,298,2006,0
165,3,22,298,2007,0
165,3,22,298,2008,0
165,3,22,298,2009,0
165,3,22,298,2010,0
165,3,22,298,2011,0
165,3,22,298,2012,0
165,3,22,298,2013,0
165,3,22,298,2014,0
165,3,22,298,2015,0
165,3,22,298,2016,0
168,1,22,298,1990,0.01
168,1,22,298,1991,0.01
168,1,22,298,1992,0.01
168,1,22,298,1993,0.01
168,1,22,298,1994,0.01
168,1,22,298,1995,0.01
168,1,22,298,1996,0.02
168,1,22,298,1997,0.02
168,1,22,298,1998,0.02
168,1,22,298,1999,0.02
168,1,22,298,2000,0.02
168,1,22,298,2001,0.03
168,1,22,298,2002,0.03
168,1,22,298,2003,0.03
168,1,22,298,2004,0.03
168,1,22,298,2005,0.04
168,1,22,298,2006,0.04
168,1,22,298,2007,0.04
168,1,22,298,2008,0.04
168,1,22,298,2009,0.05
168,1,22,298,2010,0.05
168,1,22,298,2011,0.05
168,1,22,298,2012,0.05
168,1,22,298,2013,0.06
168,1,22,298,2014,0.06
168,1,22,298,2015,0.06
168,1,22,298,2016,0.05
168,2,22,298,1990,0
168,2,22,298,1991,0
168,2,22,298,1992,0.01
168,2,22,298,1993,0.01
168,2,22,298,1994,0.01
168,2,22,298,1995,0.01
168,2,22,298,1996,0.01
168,2,22,298,1997,0.02
168,2,22,298,1998,0.02
168,2,22,298,1999,0.02
168,2,22,298,2000,0.03
168,2,22,298,2001,0.03
168,2,22,298,2002,0.03
168,2,22,298,2003,0.04
168,2,22,298,2004,0.04
168,2,22,298,2005,0.05
168,2,22,298,2006,0.05
168,2,22,298,2007,0.05
168,2,22,298,2008,0.06
168,2,22,298,2009,0.06
168,2,22,298,2010,0.06
168,2,22,298,2011,0.07
168,2,22,298,2012,0.07
168,2,22,298,2013,0.07
168,2,22,298,2014,0.07
168,2,22,298,2015,0.07
168,2,22,298,2016,0.07
168,3,22,298,1990,0
168,3,22,298,1991,0.01
168,3,22,298,1992,0.01
168,3,22,298,1993,0.01
168,3,22,298,1994,0.01
168,3,22,298,1995,0.01
168,3,22,298,1996,0.01
168,3,22,298,1997,0.02
168,3,22,298,1998,0.02
168,3,22,298,1999,0.02
168,3,22,298,2000,0.02
168,3,22,298,2001,0.03
168,3,22,298,2002,0.03
168,3,22,298,2003,0.03
168,3,22,298,2004,0.04
168,3,22,298,2005,0.04
168,3,22,298,2006,0.04
168,3,22,298,2007,0.05
168,3,22,298,2008,0.05
168,3,22,298,2009,0.05
168,3,22,298,2010,0.05
168,3,22,298,2011,0.06
168,3,22,298,2012,0.06
168,3,22,298,2013,0.06
168,3,22,298,2014,0.06
168,3,22,298,2015,0.06
168,3,22,298,2016,0.06
169,1,22,298,1990,0.04
169,1,22,298,1991,0.06
169,1,22,298,1992,0.07
169,1,22,298,1993,0.08
169,1,22,298,1994,0.09
169,1,22,298,1995,0.1
169,1,22,298,1996,0.11
169,1,22,298,1997,0.12
169,1,22,298,1998,0.13
169,1,22,298,1999,0.13
169,1,22,298,2000,0.14
169,1,22,298,2001,0.14
169,1,22,298,2002,0.14
169,1,22,298,2003,0.14
169,1,22,298,2004,0.14
169,1,22,298,2005,0.13
169,1,22,298,2006,0.13
169,1,22,298,2007,0.12
169,1,22,298,2008,0.12
169,1,22,298,2009,0.11
169,1,22,298,2010,0.1
169,1,22,298,2011,0.1
169,1,22,298,2012,0.1
169,1,22,298,2013,0.09
169,1,22,298,2014,0.08
169,1,22,298,2015,0.08
169,1,22,298,2016,0.08
169,2,22,298,1990,0.03
169,2,22,298,1991,0.04
169,2,22,298,1992,0.05
169,2,22,298,1993,0.07
169,2,22,298,1994,0.08
169,2,22,298,1995,0.1
169,2,22,298,1996,0.11
169,2,22,298,1997,0.12
169,2,22,298,1998,0.14
169,2,22,298,1999,0.15
169,2,22,298,2000,0.16
169,2,22,298,2001,0.17
169,2,22,298,2002,0.17
169,2,22,298,2003,0.18
169,2,22,298,2004,0.18
169,2,22,298,2005,0.18
169,2,22,298,2006,0.18
169,2,22,298,2007,0.17
169,2,22,298,2008,0.16
169,2,22,298,2009,0.15
169,2,22,298,2010,0.15
169,2,22,298,2011,0.15
169,2,22,298,2012,0.15
169,2,22,298,2013,0.14
169,2,22,298,2014,0.13
169,2,22,298,2015,0.13
169,2,22,298,2016,0.12
169,3,22,298,1990,0.04
169,3,22,298,1991,0.05
169,3,22,298,1992,0.06
169,3,22,298,1993,0.07
169,3,22,298,1994,0.09
169,3,22,298,1995,0.1
169,3,22,298,1996,0.11
169,3,22,298,1997,0.12
169,3,22,298,1998,0.13
169,3,22,298,1999,0.14
169,3,22,298,2000,0.15
169,3,22,298,2001,0.15
169,3,22,298,2002,0.16
169,3,22,298,2003,0.16
169,3,22,298,2004,0.16
169,3,22,298,2005,0.16
169,3,22,298,2006,0.15
169,3,22,298,2007,0.15
169,3,22,298,2008,0.14
169,3,22,298,2009,0.13
169,3,22,298,2010,0.13
169,3,22,298,2011,0.12
169,3,22,298,2012,0.12
169,3,22,298,2013,0.11
169,3,22,298,2014,0.11
169,3,22,298,2015,0.1
169,3,22,298,2016,0.1
170,1,22,298,1990,0.09
170,1,22,298,1991,0.1
170,1,22,298,1992,0.12
170,1,22,298,1993,0.12
170,1,22,298,1994,0.13
170,1,22,298,1995,0.14
170,1,22,298,1996,0.14
170,1,22,298,1997,0.1
170,1,22,298,1998,0.13
170,1,22,298,1999,0.14
170,1,22,298,2000,0.15
170,1,22,298,2001,0.15
170,1,22,298,2002,0.15
170,1,22,298,2003,0.15
170,1,22,298,2004,0.15
170,1,22,298,2005,0.16
170,1,22,298,2006,0.15
170,1,22,298,2007,0.15
170,1,22,298,2008,0.15
170,1,22,298,2009,0.14
170,1,22,298,2010,0.13
170,1,22,298,2011,0.13
170,1,22,298,2012,0.13
170,1,22,298,2013,0.13
170,1,22,298,2014,0.14
170,1,22,298,2015,0.14
170,1,22,298,2016,0.13
170,2,22,298,1990,0.05
170,2,22,298,1991,0.06
170,2,22,298,1992,0.07
170,2,22,298,1993,0.08
170,2,22,298,1994,0.1
170,2,22,298,1995,0.11
170,2,22,298,1996,0.11
170,2,22,298,1997,0.1
170,2,22,298,1998,0.12
170,2,22,298,1999,0.13
170,2,22,298,2000,0.14
170,2,22,298,2001,0.15
170,2,22,298,2002,0.15
170,2,22,298,2003,0.16
170,2,22,298,2004,0.16
170,2,22,298,2005,0.16
170,2,22,298,2006,0.16
170,2,22,298,2007,0.16
170,2,22,298,2008,0.16
170,2,22,298,2009,0.15
170,2,22,298,2010,0.15
170,2,22,298,2011,0.15
170,2,22,298,2012,0.14
170,2,22,298,2013,0.14
170,2,22,298,2014,0.14
170,2,22,298,2015,0.15
170,2,22,298,2016,0.15
170,3,22,298,1990,0.07
170,3,22,298,1991,0.08
170,3,22,298,1992,0.1
170,3,22,298,1993,0.11
170,3,22,298,1994,0.12
170,3,22,298,1995,0.12
170,3,22,298,1996,0.13
170,3,22,298,1997,0.1
170,3,22,298,1998,0.12
170,3,22,298,1999,0.14
170,3,22,298,2000,0.15
170,3,22,298,2001,0.15
170,3,22,298,2002,0.15
170,3,22,298,2003,0.15
170,3,22,298,2004,0.16
170,3,22,298,2005,0.16
170,3,22,298,2006,0.16
170,3,22,298,2007,0.16
170,3,22,298,2008,0.15
170,3,22,298,2009,0.15
170,3,22,298,2010,0.14
170,3,22,298,2011,0.14
170,3,22,298,2012,0.13
170,3,22,298,2013,0.14
170,3,22,298,2014,0.14
170,3,22,298,2015,0.14
170,3,22,298,2016,0.14
171,1,22,298,1990,0.04
171,1,22,298,1991,0.04
171,1,22,298,1992,0.04
171,1,22,298,1993,0.05
171,1,22,298,1994,0.05
171,1,22,298,1995,0.05
171,1,22,298,1996,0.05
171,1,22,298,1997,0.05
171,1,22,298,1998,0.05
171,1,22,298,1999,0.05
171,1,22,298,2000,0.05
171,1,22,298,2001,0.06
171,1,22,298,2002,0.05
171,1,22,298,2003,0.05
171,1,22,298,2004,0.06
171,1,22,298,2005,0.05
171,1,22,298,2006,0.05
171,1,22,298,2007,0.05
171,1,22,298,2008,0.05
171,1,22,298,2009,0.05
171,1,22,298,2010,0.05
171,1,22,298,2011,0.05
171,1,22,298,2012,0.04
171,1,22,298,2013,0.04
171,1,22,298,2014,0.04
171,1,22,298,2015,0.04
171,1,22,298,2016,0.03
171,2,22,298,1990,0.02
171,2,22,298,1991,0.02
171,2,22,298,1992,0.03
171,2,22,298,1993,0.03
171,2,22,298,1994,0.03
171,2,22,298,1995,0.04
171,2,22,298,1996,0.04
171,2,22,298,1997,0.04
171,2,22,298,1998,0.05
171,2,22,298,1999,0.05
171,2,22,298,2000,0.06
171,2,22,298,2001,0.06
171,2,22,298,2002,0.06
171,2,22,298,2003,0.06
171,2,22,298,2004,0.07
171,2,22,298,2005,0.07
171,2,22,298,2006,0.07
171,2,22,298,2007,0.06
171,2,22,298,2008,0.06
171,2,22,298,2009,0.06
171,2,22,298,2010,0.06
171,2,22,298,2011,0.06
171,2,22,298,2012,0.06
171,2,22,298,2013,0.05
171,2,22,298,2014,0.05
171,2,22,298,2015,0.04
171,2,22,298,2016,0.04
171,3,22,298,1990,0.03
171,3,22,298,1991,0.03
171,3,22,298,1992,0.04
171,3,22,298,1993,0.04
171,3,22,298,1994,0.04
171,3,22,298,1995,0.04
171,3,22,298,1996,0.04
171,3,22,298,1997,0.05
171,3,22,298,1998,0.05
171,3,22,298,1999,0.05
171,3,22,298,2000,0.06
171,3,22,298,2001,0.06
171,3,22,298,2002,0.06
171,3,22,298,2003,0.06
171,3,22,298,2004,0.06
171,3,22,298,2005,0.06
171,3,22,298,2006,0.06
171,3,22,298,2007,0.06
171,3,22,298,2008,0.06
171,3,22,298,2009,0.06
171,3,22,298,2010,0.05
171,3,22,298,2011,0.05
171,3,22,298,2012,0.05
171,3,22,298,2013,0.05
171,3,22,298,2014,0.04
171,3,22,298,2015,0.04
171,3,22,298,2016,0.04
172,1,22,298,1990,0.01
172,1,22,298,1991,0.01
172,1,22,298,1992,0.01
172,1,22,298,1993,0.02
172,1,22,298,1994,0.02
172,1,22,298,1995,0.03
172,1,22,298,1996,0.04
172,1,22,298,1997,0.05
172,1,22,298,1998,0.06
172,1,22,298,1999,0.08
172,1,22,298,2000,0.1
172,1,22,298,2001,0.12
172,1,22,298,2002,0.14
172,1,22,298,2003,0.16
172,1,22,298,2004,0.17
172,1,22,298,2005,0.18
172,1,22,298,2006,0.2
172,1,22,298,2007,0.21
172,1,22,298,2008,0.22
172,1,22,298,2009,0.23
172,1,22,298,2010,0.23
172,1,22,298,2011,0.23
172,1,22,298,2012,0.23
172,1,22,298,2013,0.23
172,1,22,298,2014,0.23
172,1,22,298,2015,0.23
172,1,22,298,2016,0.23
172,2,22,298,1990,0
172,2,22,298,1991,0.01
172,2,22,298,1992,0.01
172,2,22,298,1993,0.01
172,2,22,298,1994,0.02
172,2,22,298,1995,0.02
172,2,22,298,1996,0.03
172,2,22,298,1997,0.05
172,2,22,298,1998,0.06
172,2,22,298,1999,0.08
172,2,22,298,2000,0.1
172,2,22,298,2001,0.12
172,2,22,298,2002,0.15
172,2,22,298,2003,0.18
172,2,22,298,2004,0.2
172,2,22,298,2005,0.22
172,2,22,298,2006,0.24
172,2,22,298,2007,0.25
172,2,22,298,2008,0.27
172,2,22,298,2009,0.28
172,2,22,298,2010,0.28
172,2,22,298,2011,0.29
172,2,22,298,2012,0.29
172,2,22,298,2013,0.28
172,2,22,298,2014,0.27
172,2,22,298,2015,0.26
172,2,22,298,2016,0.26
172,3,22,298,1990,0.01
172,3,22,298,1991,0.01
172,3,22,298,1992,0.01
172,3,22,298,1993,0.02
172,3,22,298,1994,0.02
172,3,22,298,1995,0.03
172,3,22,298,1996,0.03
172,3,22,298,1997,0.05
172,3,22,298,1998,0.06
172,3,22,298,1999,0.08
172,3,22,298,2000,0.1
172,3,22,298,2001,0.12
172,3,22,298,2002,0.14
172,3,22,298,2003,0.17
172,3,22,298,2004,0.19
172,3,22,298,2005,0.2
172,3,22,298,2006,0.22
172,3,22,298,2007,0.23
172,3,22,298,2008,0.24
172,3,22,298,2009,0.25
172,3,22,298,2010,0.25
172,3,22,298,2011,0.26
172,3,22,298,2012,0.26
172,3,22,298,2013,0.25
172,3,22,298,2014,0.25
172,3,22,298,2015,0.25
172,3,22,298,2016,0.25
173,1,22,298,1990,0.02
173,1,22,298,1991,0.03
173,1,22,298,1992,0.04
173,1,22,298,1993,0.04
173,1,22,298,1994,0.05
173,1,22,298,1995,0.07
173,1,22,298,1996,0.08
173,1,22,298,1997,0.09
173,1,22,298,1998,0.11
173,1,22,298,1999,0.12
173,1,22,298,2000,0.14
173,1,22,298,2001,0.15
173,1,22,298,2002,0.16
173,1,22,298,2003,0.17
173,1,22,298,2004,0.18
173,1,22,298,2005,0.18
173,1,22,298,2006,0.18
173,1,22,298,2007,0.18
173,1,22,298,2008,0.18
173,1,22,298,2009,0.18
173,1,22,298,2010,0.18
173,1,22,298,2011,0.17
173,1,22,298,2012,0.17
173,1,22,298,2013,0.17
173,1,22,298,2014,0.16
173,1,22,298,2015,0.14
173,1,22,298,2016,0.13
173,2,22,298,1990,0.01
173,2,22,298,1991,0.02
173,2,22,298,1992,0.02
173,2,22,298,1993,0.03
173,2,22,298,1994,0.04
173,2,22,298,1995,0.05
173,2,22,298,1996,0.06
173,2,22,298,1997,0.08
173,2,22,298,1998,0.09
173,2,22,298,1999,0.1
173,2,22,298,2000,0.12
173,2,22,298,2001,0.13
173,2,22,298,2002,0.14
173,2,22,298,2003,0.15
173,2,22,298,2004,0.15
173,2,22,298,2005,0.15
173,2,22,298,2006,0.15
173,2,22,298,2007,0.16
173,2,22,298,2008,0.16
173,2,22,298,2009,0.16
173,2,22,298,2010,0.16
173,2,22,298,2011,0.15
173,2,22,298,2012,0.14
173,2,22,298,2013,0.12
173,2,22,298,2014,0.1
173,2,22,298,2015,0.09
173,2,22,298,2016,0.07
173,3,22,298,1990,0.02
173,3,22,298,1991,0.02
173,3,22,298,1992,0.03
173,3,22,298,1993,0.04
173,3,22,298,1994,0.05
173,3,22,298,1995,0.06
173,3,22,298,1996,0.07
173,3,22,298,1997,0.09
173,3,22,298,1998,0.1
173,3,22,298,1999,0.11
173,3,22,298,2000,0.13
173,3,22,298,2001,0.14
173,3,22,298,2002,0.15
173,3,22,298,2003,0.16
173,3,22,298,2004,0.17
173,3,22,298,2005,0.17
173,3,22,298,2006,0.17
173,3,22,298,2007,0.17
173,3,22,298,2008,0.17
173,3,22,298,2009,0.17
173,3,22,298,2010,0.17
173,3,22,298,2011,0.16
173,3,22,298,2012,0.16
173,3,22,298,2013,0.15
173,3,22,298,2014,0.13
173,3,22,298,2015,0.12
173,3,22,298,2016,0.11
175,1,22,298,1990,0.02
175,1,22,298,1991,0.03
175,1,22,298,1992,0.03
175,1,22,298,1993,0.03
175,1,22,298,1994,0.04
175,1,22,298,1995,0.05
175,1,22,298,1996,0.05
175,1,22,298,1997,0.06
175,1,22,298,1998,0.06
175,1,22,298,1999,0.07
175,1,22,298,2000,0.07
175,1,22,298,2001,0.07
175,1,22,298,2002,0.07
175,1,22,298,2003,0.08
175,1,22,298,2004,0.08
175,1,22,298,2005,0.07
175,1,22,298,2006,0.07
175,1,22,298,2007,0.07
175,1,22,298,2008,0.06
175,1,22,298,2009,0.06
175,1,22,298,2010,0.05
175,1,22,298,2011,0.05
175,1,22,298,2012,0.04
175,1,22,298,2013,0.04
175,1,22,298,2014,0.04
175,1,22,298,2015,0.03
175,1,22,298,2016,0.03
175,2,22,298,1990,0.01
175,2,22,298,1991,0.02
175,2,22,298,1992,0.02
175,2,22,298,1993,0.02
175,2,22,298,1994,0.04
175,2,22,298,1995,0.04
175,2,22,298,1996,0.05
175,2,22,298,1997,0.06
175,2,22,298,1998,0.06
175,2,22,298,1999,0.07
175,2,22,298,2000,0.07
175,2,22,298,2001,0.08
175,2,22,298,2002,0.08
175,2,22,298,2003,0.09
175,2,22,298,2004,0.09
175,2,22,298,2005,0.09
175,2,22,298,2006,0.09
175,2,22,298,2007,0.08
175,2,22,298,2008,0.08
175,2,22,298,2009,0.07
175,2,22,298,2010,0.07
175,2,22,298,2011,0.06
175,2,22,298,2012,0.05
175,2,22,298,2013,0.04
175,2,22,298,2014,0.04
175,2,22,298,2015,0.03
175,2,22,298,2016,0.03
175,3,22,298,1990,0.02
175,3,22,298,1991,0.02
175,3,22,298,1992,0.03
175,3,22,298,1993,0.03
175,3,22,298,1994,0.04
175,3,22,298,1995,0.04
175,3,22,298,1996,0.05
175,3,22,298,1997,0.06
175,3,22,298,1998,0.06
175,3,22,298,1999,0.07
175,3,22,298,2000,0.07
175,3,22,298,2001,0.08
175,3,22,298,2002,0.08
175,3,22,298,2003,0.08
175,3,22,298,2004,0.08
175,3,22,298,2005,0.08
175,3,22,298,2006,0.08
175,3,22,298,2007,0.08
175,3,22,298,2008,0.07
175,3,22,298,2009,0.07
175,3,22,298,2010,0.06
175,3,22,298,2011,0.05
175,3,22,298,2012,0.05
175,3,22,298,2013,0.04
175,3,22,298,2014,0.04
175,3,22,298,2015,0.03
175,3,22,298,2016,0.03
176,1,22,298,1990,0
176,1,22,298,1991,0
176,1,22,298,1992,0
176,1,22,298,1993,0
176,1,22,298,1994,0
176,1,22,298,1995,0
176,1,22,298,1996,0
176,1,22,298,1997,0
176,1,22,298,1998,0
176,1,22,298,1999,0
176,1,22,298,2000,0
176,1,22,298,2001,0
176,1,22,298,2002,0
176,1,22,298,2003,0
176,1,22,298,2004,0
176,1,22,298,2005,0
176,1,22,298,2006,0.01
176,1,22,298,2007,0.01
176,1,22,298,2008,0.01
176,1,22,298,2009,0.01
176,1,22,298,2010,0.01
176,1,22,298,2011,0.01
176,1,22,298,2012,0.01
176,1,22,298,2013,0.01
176,1,22,298,2014,0.01
176,1,22,298,2015,0.01
176,1,22,298,2016,0.01
176,2,22,298,1990,0
176,2,22,298,1991,0
176,2,22,298,1992,0
176,2,22,298,1993,0
176,2,22,298,1994,0
176,2,22,298,1995,0
176,2,22,298,1996,0
176,2,22,298,1997,0
176,2,22,298,1998,0
176,2,22,298,1999,0
176,2,22,298,2000,0
176,2,22,298,2001,0
176,2,22,298,2002,0
176,2,22,298,2003,0
176,2,22,298,2004,0
176,2,22,298,2005,0
176,2,22,298,2006,0
176,2,22,298,2007,0
176,2,22,298,2008,0
176,2,22,298,2009,0
176,2,22,298,2010,0
176,2,22,298,2011,0
176,2,22,298,2012,0
176,2,22,298,2013,0
176,2,22,298,2014,0
176,2,22,298,2015,0
176,2,22,298,2016,0
176,3,22,298,1990,0
176,3,22,298,1991,0
176,3,22,298,1992,0
176,3,22,298,1993,0
176,3,22,298,1994,0
176,3,22,298,1995,0
176,3,22,298,1996,0
176,3,22,298,1997,0
176,3,22,298,1998,0
176,3,22,298,1999,0
176,3,22,298,2000,0
176,3,22,298,2001,0
176,3,22,298,2002,0
176,3,22,298,2003,0
176,3,22,298,2004,0
176,3,22,298,2005,0
176,3,22,298,2006,0
176,3,22,298,2007,0
176,3,22,298,2008,0.01
176,3,22,298,2009,0.01
176,3,22,298,2010,0.01
176,3,22,298,2011,0.01
176,3,22,298,2012,0.01
176,3,22,298,2013,0.01
176,3,22,298,2014,0.01
176,3,22,298,2015,0.01
176,3,22,298,2016,0.01
177,1,22,298,1990,0
177,1,22,298,1991,0
177,1,22,298,1992,0.01
177,1,22,298,1993,0.01
177,1,22,298,1994,0.01
177,1,22,298,1995,0.01
177,1,22,298,1996,0.02
177,1,22,298,1997,0.02
177,1,22,298,1998,0.03
177,1,22,298,1999,0.04
177,1,22,298,2000,0.05
177,1,22,298,2001,0.06
177,1,22,298,2002,0.07
177,1,22,298,2003,0.08
177,1,22,298,2004,0.09
177,1,22,298,2005,0.09
177,1,22,298,2006,0.09
177,1,22,298,2007,0.1
177,1,22,298,2008,0.1
177,1,22,298,2009,0.1
177,1,22,298,2010,0.1
177,1,22,298,2011,0.1
177,1,22,298,2012,0.1
177,1,22,298,2013,0.1
177,1,22,298,2014,0.1
177,1,22,298,2015,0.1
177,1,22,298,2016,0.09
177,2,22,298,1990,0
177,2,22,298,1991,0
177,2,22,298,1992,0
177,2,22,298,1993,0.01
177,2,22,298,1994,0.01
177,2,22,298,1995,0.01
177,2,22,298,1996,0.02
177,2,22,298,1997,0.03
177,2,22,298,1998,0.04
177,2,22,298,1999,0.05
177,2,22,298,2000,0.06
177,2,22,298,2001,0.07
177,2,22,298,2002,0.09
177,2,22,298,2003,0.1
177,2,22,298,2004,0.11
177,2,22,298,2005,0.12
177,2,22,298,2006,0.13
177,2,22,298,2007,0.14
177,2,22,298,2008,0.14
177,2,22,298,2009,0.15
177,2,22,298,2010,0.15
177,2,22,298,2011,0.15
177,2,22,298,2012,0.15
177,2,22,298,2013,0.15
177,2,22,298,2014,0.15
177,2,22,298,2015,0.15
177,2,22,298,2016,0.14
177,3,22,298,1990,0
177,3,22,298,1991,0
177,3,22,298,1992,0
177,3,22,298,1993,0.01
177,3,22,298,1994,0.01
177,3,22,298,1995,0.01
177,3,22,298,1996,0.02
177,3,22,298,1997,0.02
177,3,22,298,1998,0.03
177,3,22,298,1999,0.04
177,3,22,298,2000,0.05
177,3,22,298,2001,0.07
177,3,22,298,2002,0.08
177,3,22,298,2003,0.09
177,3,22,298,2004,0.1
177,3,22,298,2005,0.11
177,3,22,298,2006,0.11
177,3,22,298,2007,0.11
177,3,22,298,2008,0.12
177,3,22,298,2009,0.12
177,3,22,298,2010,0.12
177,3,22,298,2011,0.13
177,3,22,298,2012,0.13
177,3,22,298,2013,0.13
177,3,22,298,2014,0.13
177,3,22,298,2015,0.12
177,3,22,298,2016,0.11
178,1,22,298,1990,0.01
178,1,22,298,1991,0.01
178,1,22,298,1992,0.01
178,1,22,298,1993,0.01
178,1,22,298,1994,0.02
178,1,22,298,1995,0.02
178,1,22,298,1996,0.02
178,1,22,298,1997,0.03
178,1,22,298,1998,0.03
178,1,22,298,1999,0.02
178,1,22,298,2000,0.04
178,1,22,298,2001,0.04
178,1,22,298,2002,0.04
178,1,22,298,2003,0.04
178,1,22,298,2004,0.04
178,1,22,298,2005,0.04
178,1,22,298,2006,0.04
178,1,22,298,2007,0.04
178,1,22,298,2008,0.04
178,1,22,298,2009,0.03
178,1,22,298,2010,0.03
178,1,22,298,2011,0.03
178,1,22,298,2012,0.03
178,1,22,298,2013,0.03
178,1,22,298,2014,0.03
178,1,22,298,2015,0.03
178,1,22,298,2016,0.03
178,2,22,298,1990,0
178,2,22,298,1991,0.01
178,2,22,298,1992,0.01
178,2,22,298,1993,0.01
178,2,22,298,1994,0.01
178,2,22,298,1995,0.02
178,2,22,298,1996,0.02
178,2,22,298,1997,0.03
178,2,22,298,1998,0.03
178,2,22,298,1999,0.03
178,2,22,298,2000,0.04
178,2,22,298,2001,0.05
178,2,22,298,2002,0.05
178,2,22,298,2003,0.06
178,2,22,298,2004,0.06
178,2,22,298,2005,0.06
178,2,22,298,2006,0.06
178,2,22,298,2007,0.05
178,2,22,298,2008,0.05
178,2,22,298,2009,0.05
178,2,22,298,2010,0.05
178,2,22,298,2011,0.04
178,2,22,298,2012,0.04
178,2,22,298,2013,0.04
178,2,22,298,2014,0.04
178,2,22,298,2015,0.04
178,2,22,298,2016,0.04
178,3,22,298,1990,0.01
178,3,22,298,1991,0.01
178,3,22,298,1992,0.01
178,3,22,298,1993,0.01
178,3,22,298,1994,0.02
178,3,22,298,1995,0.02
178,3,22,298,1996,0.02
178,3,22,298,1997,0.03
178,3,22,298,1998,0.03
178,3,22,298,1999,0.02
178,3,22,298,2000,0.04
178,3,22,298,2001,0.04
178,3,22,298,2002,0.05
178,3,22,298,2003,0.05
178,3,22,298,2004,0.05
178,3,22,298,2005,0.05
178,3,22,298,2006,0.05
178,3,22,298,2007,0.05
178,3,22,298,2008,0.04
178,3,22,298,2009,0.04
178,3,22,298,2010,0.04
178,3,22,298,2011,0.04
178,3,22,298,2012,0.04
178,3,22,298,2013,0.03
178,3,22,298,2014,0.03
178,3,22,298,2015,0.03
178,3,22,298,2016,0.03
179,1,22,298,1990,0.01
179,1,22,298,1991,0.01
179,1,22,298,1992,0.02
179,1,22,298,1993,0.02
179,1,22,298,1994,0.03
179,1,22,298,1995,0.04
179,1,22,298,1996,0.04
179,1,22,298,1997,0.05
179,1,22,298,1998,0.06
179,1,22,298,1999,0.06
179,1,22,298,2000,0.06
179,1,22,298,2001,0.08
179,1,22,298,2002,0.08
179,1,22,298,2003,0.08
179,1,22,298,2004,0.08
179,1,22,298,2005,0.08
179,1,22,298,2006,0.08
179,1,22,298,2007,0.08
179,1,22,298,2008,0.07
179,1,22,298,2009,0.06
179,1,22,298,2010,0.06
179,1,22,298,2011,0.05
179,1,22,298,2012,0.05
179,1,22,298,2013,0.04
179,1,22,298,2014,0.04
179,1,22,298,2015,0.04
179,1,22,298,2016,0.03
179,2,22,298,1990,0.01
179,2,22,298,1991,0.01
179,2,22,298,1992,0.01
179,2,22,298,1993,0.02
179,2,22,298,1994,0.03
179,2,22,298,1995,0.03
179,2,22,298,1996,0.04
179,2,22,298,1997,0.05
179,2,22,298,1998,0.06
179,2,22,298,1999,0.07
179,2,22,298,2000,0.07
179,2,22,298,2001,0.09
179,2,22,298,2002,0.09
179,2,22,298,2003,0.1
179,2,22,298,2004,0.1
179,2,22,298,2005,0.1
179,2,22,298,2006,0.1
179,2,22,298,2007,0.1
179,2,22,298,2008,0.09
179,2,22,298,2009,0.08
179,2,22,298,2010,0.07
179,2,22,298,2011,0.06
179,2,22,298,2012,0.06
179,2,22,298,2013,0.05
179,2,22,298,2014,0.05
179,2,22,298,2015,0.04
179,2,22,298,2016,0.04
179,3,22,298,1990,0.01
179,3,22,298,1991,0.01
179,3,22,298,1992,0.02
179,3,22,298,1993,0.02
179,3,22,298,1994,0.03
179,3,22,298,1995,0.04
179,3,22,298,1996,0.04
179,3,22,298,1997,0.05
179,3,22,298,1998,0.06
179,3,22,298,1999,0.06
179,3,22,298,2000,0.07
179,3,22,298,2001,0.08
179,3,22,298,2002,0.09
179,3,22,298,2003,0.09
179,3,22,298,2004,0.09
179,3,22,298,2005,0.09
179,3,22,298,2006,0.09
179,3,22,298,2007,0.09
179,3,22,298,2008,0.08
179,3,22,298,2009,0.07
179,3,22,298,2010,0.06
179,3,22,298,2011,0.06
179,3,22,298,2012,0.05
179,3,22,298,2013,0.05
179,3,22,298,2014,0.04
179,3,22,298,2015,0.04
179,3,22,298,2016,0.04
180,1,22,298,1990,0.09
180,1,22,298,1991,0.12
180,1,22,298,1992,0.15
180,1,22,298,1993,0.18
180,1,22,298,1994,0.21
180,1,22,298,1995,0.24
180,1,22,298,1996,0.27
180,1,22,298,1997,0.28
180,1,22,298,1998,0.3
180,1,22,298,1999,0.31
180,1,22,298,2000,0.31
180,1,22,298,2001,0.32
180,1,22,298,2002,0.32
180,1,22,298,2003,0.32
180,1,22,298,2004,0.31
180,1,22,298,2005,0.3
180,1,22,298,2006,0.28
180,1,22,298,2007,0.27
180,1,22,298,2008,0.25
180,1,22,298,2009,0.23
180,1,22,298,2010,0.21
180,1,22,298,2011,0.2
180,1,22,298,2012,0.2
180,1,22,298,2013,0.19
180,1,22,298,2014,0.19
180,1,22,298,2015,0.18
180,1,22,298,2016,0.17
180,2,22,298,1990,0.06
180,2,22,298,1991,0.09
180,2,22,298,1992,0.12
180,2,22,298,1993,0.16
180,2,22,298,1994,0.2
180,2,22,298,1995,0.23
180,2,22,298,1996,0.26
180,2,22,298,1997,0.29
180,2,22,298,1998,0.31
180,2,22,298,1999,0.33
180,2,22,298,2000,0.35
180,2,22,298,2001,0.36
180,2,22,298,2002,0.36
180,2,22,298,2003,0.37
180,2,22,298,2004,0.37
180,2,22,298,2005,0.36
180,2,22,298,2006,0.35
180,2,22,298,2007,0.34
180,2,22,298,2008,0.32
180,2,22,298,2009,0.3
180,2,22,298,2010,0.28
180,2,22,298,2011,0.26
180,2,22,298,2012,0.23
180,2,22,298,2013,0.22
180,2,22,298,2014,0.21
180,2,22,298,2015,0.2
180,2,22,298,2016,0.2
180,3,22,298,1990,0.08
180,3,22,298,1991,0.11
180,3,22,298,1992,0.14
180,3,22,298,1993,0.17
180,3,22,298,1994,0.21
180,3,22,298,1995,0.24
180,3,22,298,1996,0.27
180,3,22,298,1997,0.29
180,3,22,298,1998,0.3
180,3,22,298,1999,0.32
180,3,22,298,2000,0.33
180,3,22,298,2001,0.34
180,3,22,298,2002,0.34
180,3,22,298,2003,0.34
180,3,22,298,2004,0.34
180,3,22,298,2005,0.33
180,3,22,298,2006,0.32
180,3,22,298,2007,0.3
180,3,22,298,2008,0.28
180,3,22,298,2009,0.26
180,3,22,298,2010,0.24
180,3,22,298,2011,0.23
180,3,22,298,2012,0.21
180,3,22,298,2013,0.21
180,3,22,298,2014,0.2
180,3,22,298,2015,0.19
180,3,22,298,2016,0.18
181,1,22,298,1990,0
181,1,22,298,1991,0
181,1,22,298,1992,0
181,1,22,298,1993,0
181,1,22,298,1994,0
181,1,22,298,1995,0
181,1,22,298,1996,0
181,1,22,298,1997,0
181,1,22,298,1998,0
181,1,22,298,1999,0.01
181,1,22,298,2000,0.01
181,1,22,298,2001,0.01
181,1,22,298,2002,0.01
181,1,22,298,2003,0.01
181,1,22,298,2004,0.01
181,1,22,298,2005,0.01
181,1,22,298,2006,0.01
181,1,22,298,2007,0.01
181,1,22,298,2008,0.01
181,1,22,298,2009,0.01
181,1,22,298,2010,0.01
181,1,22,298,2011,0.01
181,1,22,298,2012,0.01
181,1,22,298,2013,0.01
181,1,22,298,2014,0.01
181,1,22,298,2015,0.01
181,1,22,298,2016,0.01
181,2,22,298,1990,0
181,2,22,298,1991,0
181,2,22,298,1992,0
181,2,22,298,1993,0
181,2,22,298,1994,0
181,2,22,298,1995,0
181,2,22,298,1996,0
181,2,22,298,1997,0
181,2,22,298,1998,0
181,2,22,298,1999,0
181,2,22,298,2000,0
181,2,22,298,2001,0
181,2,22,298,2002,0.01
181,2,22,298,2003,0.01
181,2,22,298,2004,0.01
181,2,22,298,2005,0.01
181,2,22,298,2006,0.01
181,2,22,298,2007,0.01
181,2,22,298,2008,0.01
181,2,22,298,2009,0.01
181,2,22,298,2010,0.01
181,2,22,298,2011,0.01
181,2,22,298,2012,0.01
181,2,22,298,2013,0.01
181,2,22,298,2014,0.01
181,2,22,298,2015,0.01
181,2,22,298,2016,0.01
181,3,22,298,1990,0
181,3,22,298,1991,0
181,3,22,298,1992,0
181,3,22,298,1993,0
181,3,22,298,1994,0
181,3,22,298,1995,0
181,3,22,298,1996,0
181,3,22,298,1997,0
181,3,22,298,1998,0
181,3,22,298,1999,0
181,3,22,298,2000,0.01
181,3,22,298,2001,0.01
181,3,22,298,2002,0.01
181,3,22,298,2003,0.01
181,3,22,298,2004,0.01
181,3,22,298,2005,0.01
181,3,22,298,2006,0.01
181,3,22,298,2007,0.01
181,3,22,298,2008,0.01
181,3,22,298,2009,0.01
181,3,22,298,2010,0.01
181,3,22,298,2011,0.01
181,3,22,298,2012,0.01
181,3,22,298,2013,0.01
181,3,22,298,2014,0.01
181,3,22,298,2015,0.01
181,3,22,298,2016,0.01
182,1,22,298,1990,0.1
182,1,22,298,1991,0.12
182,1,22,298,1992,0.14
182,1,22,298,1993,0.16
182,1,22,298,1994,0.18
182,1,22,298,1995,0.2
182,1,22,298,1996,0.22
182,1,22,298,1997,0.24
182,1,22,298,1998,0.25
182,1,22,298,1999,0.26
182,1,22,298,2000,0.27
182,1,22,298,2001,0.29
182,1,22,298,2002,0.29
182,1,22,298,2003,0.31
182,1,22,298,2004,0.31
182,1,22,298,2005,0.31
182,1,22,298,2006,0.31
182,1,22,298,2007,0.3
182,1,22,298,2008,0.29
182,1,22,298,2009,0.27
182,1,22,298,2010,0.26
182,1,22,298,2011,0.25
182,1,22,298,2012,0.24
182,1,22,298,2013,0.23
182,1,22,298,2014,0.22
182,1,22,298,2015,0.21
182,1,22,298,2016,0.2
182,2,22,298,1990,0.06
182,2,22,298,1991,0.08
182,2,22,298,1992,0.1
182,2,22,298,1993,0.12
182,2,22,298,1994,0.15
182,2,22,298,1995,0.17
182,2,22,298,1996,0.2
182,2,22,298,1997,0.22
182,2,22,298,1998,0.24
182,2,22,298,1999,0.26
182,2,22,298,2000,0.29
182,2,22,298,2001,0.31
182,2,22,298,2002,0.32
182,2,22,298,2003,0.34
182,2,22,298,2004,0.36
182,2,22,298,2005,0.36
182,2,22,298,2006,0.36
182,2,22,298,2007,0.35
182,2,22,298,2008,0.34
182,2,22,298,2009,0.32
182,2,22,298,2010,0.31
182,2,22,298,2011,0.29
182,2,22,298,2012,0.27
182,2,22,298,2013,0.25
182,2,22,298,2014,0.23
182,2,22,298,2015,0.22
182,2,22,298,2016,0.21
182,3,22,298,1990,0.08
182,3,22,298,1991,0.1
182,3,22,298,1992,0.12
182,3,22,298,1993,0.14
182,3,22,298,1994,0.16
182,3,22,298,1995,0.19
182,3,22,298,1996,0.21
182,3,22,298,1997,0.23
182,3,22,298,1998,0.25
182,3,22,298,1999,0.26
182,3,22,298,2000,0.28
182,3,22,298,2001,0.29
182,3,22,298,2002,0.31
182,3,22,298,2003,0.32
182,3,22,298,2004,0.33
182,3,22,298,2005,0.34
182,3,22,298,2006,0.33
182,3,22,298,2007,0.32
182,3,22,298,2008,0.31
182,3,22,298,2009,0.3
182,3,22,298,2010,0.28
182,3,22,298,2011,0.27
182,3,22,298,2012,0.25
182,3,22,298,2013,0.24
182,3,22,298,2014,0.22
182,3,22,298,2015,0.21
182,3,22,298,2016,0.2
183,1,22,298,1990,0
183,1,22,298,1991,0
183,1,22,298,1992,0
183,1,22,298,1993,0
183,1,22,298,1994,0
183,1,22,298,1995,0
183,1,22,298,1996,0
183,1,22,298,1997,0
183,1,22,298,1998,0
183,1,22,298,1999,0
183,1,22,298,2000,0
183,1,22,298,2001,0
183,1,22,298,2002,0
183,1,22,298,2003,0
183,1,22,298,2004,0
183,1,22,298,2005,0.01
183,1,22,298,2006,0.01
183,1,22,298,2007,0.01
183,1,22,298,2008,0.01
183,1,22,298,2009,0.01
183,1,22,298,2010,0.02
183,1,22,298,2011,0.02
183,1,22,298,2012,0.02
183,1,22,298,2013,0.03
183,1,22,298,2014,0.03
183,1,22,298,2015,0.02
183,1,22,298,2016,0.02
183,2,22,298,1990,0
183,2,22,298,1991,0
183,2,22,298,1992,0
183,2,22,298,1993,0
183,2,22,298,1994,0
183,2,22,298,1995,0
183,2,22,298,1996,0
183,2,22,298,1997,0
183,2,22,298,1998,0
183,2,22,298,1999,0
183,2,22,298,2000,0
183,2,22,298,2001,0
183,2,22,298,2002,0
183,2,22,298,2003,0
183,2,22,298,2004,0
183,2,22,298,2005,0
183,2,22,298,2006,0.01
183,2,22,298,2007,0.01
183,2,22,298,2008,0.01
183,2,22,298,2009,0
183,2,22,298,2010,0.01
183,2,22,298,2011,0
183,2,22,298,2012,0.01
183,2,22,298,2013,0.01
183,2,22,298,2014,0.01
183,2,22,298,2015,0.01
183,2,22,298,2016,0.01
183,3,22,298,1990,0
183,3,22,298,1991,0
183,3,22,298,1992,0
183,3,22,298,1993,0
183,3,22,298,1994,0
183,3,22,298,1995,0
183,3,22,298,1996,0
183,3,22,298,1997,0
183,3,22,298,1998,0
183,3,22,298,1999,0
183,3,22,298,2000,0
183,3,22,298,2001,0
183,3,22,298,2002,0
183,3,22,298,2003,0
183,3,22,298,2004,0
183,3,22,298,2005,0
183,3,22,298,2006,0.01
183,3,22,298,2007,0.01
183,3,22,298,2008,0.01
183,3,22,298,2009,0.01
183,3,22,298,2010,0.01
183,3,22,298,2011,0.01
183,3,22,298,2012,0.02
183,3,22,298,2013,0.02
183,3,22,298,2014,0.02
183,3,22,298,2015,0.02
183,3,22,298,2016,0.01
184,1,22,298,1990,0.02
184,1,22,298,1991,0.03
184,1,22,298,1992,0.03
184,1,22,298,1993,0.04
184,1,22,298,1994,0.06
184,1,22,298,1995,0.07
184,1,22,298,1996,0.08
184,1,22,298,1997,0.09
184,1,22,298,1998,0.11
184,1,22,298,1999,0.12
184,1,22,298,2000,0.14
184,1,22,298,2001,0.15
184,1,22,298,2002,0.17
184,1,22,298,2003,0.19
184,1,22,298,2004,0.2
184,1,22,298,2005,0.21
184,1,22,298,2006,0.22
184,1,22,298,2007,0.23
184,1,22,298,2008,0.23
184,1,22,298,2009,0.24
184,1,22,298,2010,0.24
184,1,22,298,2011,0.25
184,1,22,298,2012,0.26
184,1,22,298,2013,0.26
184,1,22,298,2014,0.26
184,1,22,298,2015,0.25
184,1,22,298,2016,0.25
184,2,22,298,1990,0.01
184,2,22,298,1991,0.02
184,2,22,298,1992,0.03
184,2,22,298,1993,0.04
184,2,22,298,1994,0.05
184,2,22,298,1995,0.07
184,2,22,298,1996,0.08
184,2,22,298,1997,0.1
184,2,22,298,1998,0.12
184,2,22,298,1999,0.15
184,2,22,298,2000,0.17
184,2,22,298,2001,0.2
184,2,22,298,2002,0.22
184,2,22,298,2003,0.25
184,2,22,298,2004,0.27
184,2,22,298,2005,0.29
184,2,22,298,2006,0.31
184,2,22,298,2007,0.32
184,2,22,298,2008,0.32
184,2,22,298,2009,0.33
184,2,22,298,2010,0.34
184,2,22,298,2011,0.34
184,2,22,298,2012,0.35
184,2,22,298,2013,0.34
184,2,22,298,2014,0.32
184,2,22,298,2015,0.29
184,2,22,298,2016,0.28
184,3,22,298,1990,0.02
184,3,22,298,1991,0.02
184,3,22,298,1992,0.03
184,3,22,298,1993,0.04
184,3,22,298,1994,0.05
184,3,22,298,1995,0.07
184,3,22,298,1996,0.08
184,3,22,298,1997,0.1
184,3,22,298,1998,0.12
184,3,22,298,1999,0.13
184,3,22,298,2000,0.15
184,3,22,298,2001,0.17
184,3,22,298,2002,0.19
184,3,22,298,2003,0.22
184,3,22,298,2004,0.23
184,3,22,298,2005,0.25
184,3,22,298,2006,0.26
184,3,22,298,2007,0.27
184,3,22,298,2008,0.28
184,3,22,298,2009,0.28
184,3,22,298,2010,0.29
184,3,22,298,2011,0.29
184,3,22,298,2012,0.3
184,3,22,298,2013,0.3
184,3,22,298,2014,0.28
184,3,22,298,2015,0.27
184,3,22,298,2016,0.26
185,1,22,298,1990,0.06
185,1,22,298,1991,0.07
185,1,22,298,1992,0.08
185,1,22,298,1993,0.08
185,1,22,298,1994,0.01
185,1,22,298,1995,0.09
185,1,22,298,1996,0.11
185,1,22,298,1997,0.11
185,1,22,298,1998,0.12
185,1,22,298,1999,0.12
185,1,22,298,2000,0.13
185,1,22,298,2001,0.13
185,1,22,298,2002,0.13
185,1,22,298,2003,0.13
185,1,22,298,2004,0.13
185,1,22,298,2005,0.12
185,1,22,298,2006,0.12
185,1,22,298,2007,0.11
185,1,22,298,2008,0.1
185,1,22,298,2009,0.09
185,1,22,298,2010,0.09
185,1,22,298,2011,0.08
185,1,22,298,2012,0.08
185,1,22,298,2013,0.07
185,1,22,298,2014,0.06
185,1,22,298,2015,0.06
185,1,22,298,2016,0.05
185,2,22,298,1990,0.04
185,2,22,298,1991,0.05
185,2,22,298,1992,0.06
185,2,22,298,1993,0.07
185,2,22,298,1994,0.02
185,2,22,298,1995,0.09
185,2,22,298,1996,0.1
185,2,22,298,1997,0.11
185,2,22,298,1998,0.12
185,2,22,298,1999,0.13
185,2,22,298,2000,0.14
185,2,22,298,2001,0.15
185,2,22,298,2002,0.15
185,2,22,298,2003,0.16
185,2,22,298,2004,0.16
185,2,22,298,2005,0.16
185,2,22,298,2006,0.15
185,2,22,298,2007,0.14
185,2,22,298,2008,0.13
185,2,22,298,2009,0.12
185,2,22,298,2010,0.12
185,2,22,298,2011,0.11
185,2,22,298,2012,0.1
185,2,22,298,2013,0.09
185,2,22,298,2014,0.08
185,2,22,298,2015,0.07
185,2,22,298,2016,0.06
185,3,22,298,1990,0.05
185,3,22,298,1991,0.06
185,3,22,298,1992,0.07
185,3,22,298,1993,0.08
185,3,22,298,1994,0.02
185,3,22,298,1995,0.09
185,3,22,298,1996,0.1
185,3,22,298,1997,0.11
185,3,22,298,1998,0.12
185,3,22,298,1999,0.13
185,3,22,298,2000,0.13
185,3,22,298,2001,0.14
185,3,22,298,2002,0.14
185,3,22,298,2003,0.14
185,3,22,298,2004,0.15
185,3,22,298,2005,0.14
185,3,22,298,2006,0.13
185,3,22,298,2007,0.12
185,3,22,298,2008,0.12
185,3,22,298,2009,0.1
185,3,22,298,2010,0.1
185,3,22,298,2011,0.09
185,3,22,298,2012,0.09
185,3,22,298,2013,0.08
185,3,22,298,2014,0.07
185,3,22,298,2015,0.06
185,3,22,298,2016,0.05
186,1,22,298,1990,0
186,1,22,298,1991,0
186,1,22,298,1992,0
186,1,22,298,1993,0
186,1,22,298,1994,0
186,1,22,298,1995,0
186,1,22,298,1996,0.01
186,1,22,298,1997,0.01
186,1,22,298,1998,0.01
186,1,22,298,1999,0.01
186,1,22,298,2000,0.01
186,1,22,298,2001,0.01
186,1,22,298,2002,0.01
186,1,22,298,2003,0.01
186,1,22,298,2004,0.01
186,1,22,298,2005,0.01
186,1,22,298,2006,0.01
186,1,22,298,2007,0.01
186,1,22,298,2008,0.01
186,1,22,298,2009,0.02
186,1,22,298,2010,0.02
186,1,22,298,2011,0.02
186,1,22,298,2012,0.02
186,1,22,298,2013,0.02
186,1,22,298,2014,0.02
186,1,22,298,2015,0.02
186,1,22,298,2016,0.02
186,2,22,298,1990,0
186,2,22,298,1991,0
186,2,22,298,1992,0
186,2,22,298,1993,0
186,2,22,298,1994,0
186,2,22,298,1995,0.01
186,2,22,298,1996,0.01
186,2,22,298,1997,0.01
186,2,22,298,1998,0.01
186,2,22,298,1999,0.01
186,2,22,298,2000,0.01
186,2,22,298,2001,0.01
186,2,22,298,2002,0.01
186,2,22,298,2003,0.01
186,2,22,298,2004,0.01
186,2,22,298,2005,0.01
186,2,22,298,2006,0.02
186,2,22,298,2007,0.02
186,2,22,298,2008,0.02
186,2,22,298,2009,0.02
186,2,22,298,2010,0.02
186,2,22,298,2011,0.02
186,2,22,298,2012,0.02
186,2,22,298,2013,0.02
186,2,22,298,2014,0.02
186,2,22,298,2015,0.02
186,2,22,298,2016,0.02
186,3,22,298,1990,0
186,3,22,298,1991,0
186,3,22,298,1992,0
186,3,22,298,1993,0
186,3,22,298,1994,0
186,3,22,298,1995,0
186,3,22,298,1996,0.01
186,3,22,298,1997,0.01
186,3,22,298,1998,0.01
186,3,22,298,1999,0.01
186,3,22,298,2000,0.01
186,3,22,298,2001,0.01
186,3,22,298,2002,0.01
186,3,22,298,2003,0.01
186,3,22,298,2004,0.01
186,3,22,298,2005,0.01
186,3,22,298,2006,0.01
186,3,22,298,2007,0.01
186,3,22,298,2008,0.02
186,3,22,298,2009,0.02
186,3,22,298,2010,0.02
186,3,22,298,2011,0.02
186,3,22,298,2012,0.02
186,3,22,298,2013,0.02
186,3,22,298,2014,0.02
186,3,22,298,2015,0.02
186,3,22,298,2016,0.02
187,1,22,298,1990,0
187,1,22,298,1991,0
187,1,22,298,1992,0.01
187,1,22,298,1993,0.01
187,1,22,298,1994,0.01
187,1,22,298,1995,0.01
187,1,22,298,1996,0.01
187,1,22,298,1997,0.01
187,1,22,298,1998,0.02
187,1,22,298,1999,0.02
187,1,22,298,2000,0.02
187,1,22,298,2001,0.02
187,1,22,298,2002,0.02
187,1,22,298,2003,0.02
187,1,22,298,2004,0.03
187,1,22,298,2005,0.03
187,1,22,298,2006,0.03
187,1,22,298,2007,0.03
187,1,22,298,2008,0.03
187,1,22,298,2009,0.03
187,1,22,298,2010,0.02
187,1,22,298,2011,0.02
187,1,22,298,2012,0.03
187,1,22,298,2013,0.03
187,1,22,298,2014,0.03
187,1,22,298,2015,0.03
187,1,22,298,2016,0.03
187,2,22,298,1990,0
187,2,22,298,1991,0
187,2,22,298,1992,0
187,2,22,298,1993,0
187,2,22,298,1994,0
187,2,22,298,1995,0.01
187,2,22,298,1996,0.01
187,2,22,298,1997,0.01
187,2,22,298,1998,0.01
187,2,22,298,1999,0.01
187,2,22,298,2000,0.01
187,2,22,298,2001,0.01
187,2,22,298,2002,0.01
187,2,22,298,2003,0.02
187,2,22,298,2004,0.02
187,2,22,298,2005,0.02
187,2,22,298,2006,0.02
187,2,22,298,2007,0.02
187,2,22,298,2008,0.02
187,2,22,298,2009,0.02
187,2,22,298,2010,0.02
187,2,22,298,2011,0.02
187,2,22,298,2012,0.02
187,2,22,298,2013,0.02
187,2,22,298,2014,0.02
187,2,22,298,2015,0.02
187,2,22,298,2016,0.02
187,3,22,298,1990,0
187,3,22,298,1991,0
187,3,22,298,1992,0
187,3,22,298,1993,0.01
187,3,22,298,1994,0.01
187,3,22,298,1995,0.01
187,3,22,298,1996,0.01
187,3,22,298,1997,0.01
187,3,22,298,1998,0.01
187,3,22,298,1999,0.01
187,3,22,298,2000,0.02
187,3,22,298,2001,0.02
187,3,22,298,2002,0.02
187,3,22,298,2003,0.02
187,3,22,298,2004,0.02
187,3,22,298,2005,0.02
187,3,22,298,2006,0.02
187,3,22,298,2007,0.02
187,3,22,298,2008,0.02
187,3,22,298,2009,0.02
187,3,22,298,2010,0.02
187,3,22,298,2011,0.02
187,3,22,298,2012,0.02
187,3,22,298,2013,0.02
187,3,22,298,2014,0.02
187,3,22,298,2015,0.02
187,3,22,298,2016,0.02
189,1,22,298,1990,0.06
189,1,22,298,1991,0.08
189,1,22,298,1992,0.1
189,1,22,298,1993,0.11
189,1,22,298,1994,0.13
189,1,22,298,1995,0.15
189,1,22,298,1996,0.16
189,1,22,298,1997,0.17
189,1,22,298,1998,0.19
189,1,22,298,1999,0.2
189,1,22,298,2000,0.2
189,1,22,298,2001,0.21
189,1,22,298,2002,0.21
189,1,22,298,2003,0.22
189,1,22,298,2004,0.22
189,1,22,298,2005,0.22
189,1,22,298,2006,0.21
189,1,22,298,2007,0.2
189,1,22,298,2008,0.19
189,1,22,298,2009,0.19
189,1,22,298,2010,0.18
189,1,22,298,2011,0.18
189,1,22,298,2012,0.17
189,1,22,298,2013,0.16
189,1,22,298,2014,0.15
189,1,22,298,2015,0.14
189,1,22,298,2016,0.12
189,2,22,298,1990,0.04
189,2,22,298,1991,0.05
189,2,22,298,1992,0.07
189,2,22,298,1993,0.09
189,2,22,298,1994,0.1
189,2,22,298,1995,0.12
189,2,22,298,1996,0.14
189,2,22,298,1997,0.16
189,2,22,298,1998,0.18
189,2,22,298,1999,0.19
189,2,22,298,2000,0.21
189,2,22,298,2001,0.22
189,2,22,298,2002,0.23
189,2,22,298,2003,0.24
189,2,22,298,2004,0.25
189,2,22,298,2005,0.25
189,2,22,298,2006,0.25
189,2,22,298,2007,0.24
189,2,22,298,2008,0.23
189,2,22,298,2009,0.23
189,2,22,298,2010,0.22
189,2,22,298,2011,0.22
189,2,22,298,2012,0.21
189,2,22,298,2013,0.18
189,2,22,298,2014,0.16
189,2,22,298,2015,0.14
189,2,22,298,2016,0.12
189,3,22,298,1990,0.05
189,3,22,298,1991,0.07
189,3,22,298,1992,0.08
189,3,22,298,1993,0.1
189,3,22,298,1994,0.12
189,3,22,298,1995,0.14
189,3,22,298,1996,0.15
189,3,22,298,1997,0.17
189,3,22,298,1998,0.18
189,3,22,298,1999,0.19
189,3,22,298,2000,0.2
189,3,22,298,2001,0.21
189,3,22,298,2002,0.22
189,3,22,298,2003,0.23
189,3,22,298,2004,0.23
189,3,22,298,2005,0.23
189,3,22,298,2006,0.23
189,3,22,298,2007,0.22
189,3,22,298,2008,0.21
189,3,22,298,2009,0.21
189,3,22,298,2010,0.2
189,3,22,298,2011,0.2
189,3,22,298,2012,0.19
189,3,22,298,2013,0.17
189,3,22,298,2014,0.16
189,3,22,298,2015,0.14
189,3,22,298,2016,0.12
190,1,22,298,1990,0.13
190,1,22,298,1991,0.15
190,1,22,298,1992,0.18
190,1,22,298,1993,0.19
190,1,22,298,1994,0.21
190,1,22,298,1995,0.22
190,1,22,298,1996,0.22
190,1,22,298,1997,0.22
190,1,22,298,1998,0.22
190,1,22,298,1999,0.21
190,1,22,298,2000,0.21
190,1,22,298,2001,0.2
190,1,22,298,2002,0.19
190,1,22,298,2003,0.18
190,1,22,298,2004,0.18
190,1,22,298,2005,0.17
190,1,22,298,2006,0.16
190,1,22,298,2007,0.16
190,1,22,298,2008,0.16
190,1,22,298,2009,0.16
190,1,22,298,2010,0.16
190,1,22,298,2011,0.15
190,1,22,298,2012,0.15
190,1,22,298,2013,0.14
190,1,22,298,2014,0.13
190,1,22,298,2015,0.12
190,1,22,298,2016,0.11
190,2,22,298,1990,0.09
190,2,22,298,1991,0.11
190,2,22,298,1992,0.14
190,2,22,298,1993,0.16
190,2,22,298,1994,0.18
190,2,22,298,1995,0.19
190,2,22,298,1996,0.21
190,2,22,298,1997,0.21
190,2,22,298,1998,0.21
190,2,22,298,1999,0.22
190,2,22,298,2000,0.21
190,2,22,298,2001,0.21
190,2,22,298,2002,0.21
190,2,22,298,2003,0.21
190,2,22,298,2004,0.2
190,2,22,298,2005,0.2
190,2,22,298,2006,0.19
190,2,22,298,2007,0.2
190,2,22,298,2008,0.21
190,2,22,298,2009,0.21
190,2,22,298,2010,0.21
190,2,22,298,2011,0.21
190,2,22,298,2012,0.2
190,2,22,298,2013,0.17
190,2,22,298,2014,0.15
190,2,22,298,2015,0.13
190,2,22,298,2016,0.12
190,3,22,298,1990,0.11
190,3,22,298,1991,0.14
190,3,22,298,1992,0.16
190,3,22,298,1993,0.18
190,3,22,298,1994,0.19
190,3,22,298,1995,0.21
190,3,22,298,1996,0.21
190,3,22,298,1997,0.22
190,3,22,298,1998,0.22
190,3,22,298,1999,0.21
190,3,22,298,2000,0.21
190,3,22,298,2001,0.2
190,3,22,298,2002,0.2
190,3,22,298,2003,0.19
190,3,22,298,2004,0.19
190,3,22,298,2005,0.18
190,3,22,298,2006,0.18
190,3,22,298,2007,0.18
190,3,22,298,2008,0.18
190,3,22,298,2009,0.18
190,3,22,298,2010,0.18
190,3,22,298,2011,0.18
190,3,22,298,2012,0.17
190,3,22,298,2013,0.16
190,3,22,298,2014,0.14
190,3,22,298,2015,0.12
190,3,22,298,2016,0.11
191,1,22,298,1990,0.14
191,1,22,298,1991,0.16
191,1,22,298,1992,0.18
191,1,22,298,1993,0.21
191,1,22,298,1994,0.23
191,1,22,298,1995,0.25
191,1,22,298,1996,0.27
191,1,22,298,1997,0.28
191,1,22,298,1998,0.29
191,1,22,298,1999,0.29
191,1,22,298,2000,0.3
191,1,22,298,2001,0.29
191,1,22,298,2002,0.3
191,1,22,298,2003,0.3
191,1,22,298,2004,0.3
191,1,22,298,2005,0.29
191,1,22,298,2006,0.28
191,1,22,298,2007,0.27
191,1,22,298,2008,0.25
191,1,22,298,2009,0.23
191,1,22,298,2010,0.22
191,1,22,298,2011,0.2
191,1,22,298,2012,0.19
191,1,22,298,2013,0.18
191,1,22,298,2014,0.18
191,1,22,298,2015,0.17
191,1,22,298,2016,0.16
191,2,22,298,1990,0.09
191,2,22,298,1991,0.11
191,2,22,298,1992,0.13
191,2,22,298,1993,0.16
191,2,22,298,1994,0.18
191,2,22,298,1995,0.21
191,2,22,298,1996,0.23
191,2,22,298,1997,0.26
191,2,22,298,1998,0.27
191,2,22,298,1999,0.29
191,2,22,298,2000,0.31
191,2,22,298,2001,0.31
191,2,22,298,2002,0.34
191,2,22,298,2003,0.35
191,2,22,298,2004,0.36
191,2,22,298,2005,0.36
191,2,22,298,2006,0.36
191,2,22,298,2007,0.35
191,2,22,298,2008,0.34
191,2,22,298,2009,0.33
191,2,22,298,2010,0.32
191,2,22,298,2011,0.31
191,2,22,298,2012,0.3
191,2,22,298,2013,0.28
191,2,22,298,2014,0.25
191,2,22,298,2015,0.23
191,2,22,298,2016,0.22
191,3,22,298,1990,0.11
191,3,22,298,1991,0.14
191,3,22,298,1992,0.16
191,3,22,298,1993,0.18
191,3,22,298,1994,0.21
191,3,22,298,1995,0.23
191,3,22,298,1996,0.25
191,3,22,298,1997,0.27
191,3,22,298,1998,0.28
191,3,22,298,1999,0.29
191,3,22,298,2000,0.3
191,3,22,298,2001,0.3
191,3,22,298,2002,0.32
191,3,22,298,2003,0.32
191,3,22,298,2004,0.32
191,3,22,298,2005,0.32
191,3,22,298,2006,0.32
191,3,22,298,2007,0.31
191,3,22,298,2008,0.29
191,3,22,298,2009,0.27
191,3,22,298,2010,0.26
191,3,22,298,2011,0.25
191,3,22,298,2012,0.24
191,3,22,298,2013,0.23
191,3,22,298,2014,0.21
191,3,22,298,2015,0.19
191,3,22,298,2016,0.19
193,1,22,298,1990,0.14
193,1,22,298,1991,0.2
193,1,22,298,1992,0.27
193,1,22,298,1993,0.34
193,1,22,298,1994,0.41
193,1,22,298,1995,0.46
193,1,22,298,1996,0.51
193,1,22,298,1997,0.54
193,1,22,298,1998,0.57
193,1,22,298,1999,0.59
193,1,22,298,2000,0.61
193,1,22,298,2001,0.62
193,1,22,298,2002,0.62
193,1,22,298,2003,0.62
193,1,22,298,2004,0.61
193,1,22,298,2005,0.58
193,1,22,298,2006,0.56
193,1,22,298,2007,0.54
193,1,22,298,2008,0.52
193,1,22,298,2009,0.5
193,1,22,298,2010,0.48
193,1,22,298,2011,0.46
193,1,22,298,2012,0.44
193,1,22,298,2013,0.42
193,1,22,298,2014,0.39
193,1,22,298,2015,0.37
193,1,22,298,2016,0.33
193,2,22,298,1990,0.12
193,2,22,298,1991,0.2
193,2,22,298,1992,0.29
193,2,22,298,1993,0.38
193,2,22,298,1994,0.46
193,2,22,298,1995,0.54
193,2,22,298,1996,0.59
193,2,22,298,1997,0.64
193,2,22,298,1998,0.67
193,2,22,298,1999,0.69
193,2,22,298,2000,0.71
193,2,22,298,2001,0.72
193,2,22,298,2002,0.73
193,2,22,298,2003,0.73
193,2,22,298,2004,0.73
193,2,22,298,2005,0.72
193,2,22,298,2006,0.72
193,2,22,298,2007,0.71
193,2,22,298,2008,0.7
193,2,22,298,2009,0.68
193,2,22,298,2010,0.64
193,2,22,298,2011,0.61
193,2,22,298,2012,0.57
193,2,22,298,2013,0.52
193,2,22,298,2014,0.48
193,2,22,298,2015,0.44
193,2,22,298,2016,0.41
193,3,22,298,1990,0.14
193,3,22,298,1991,0.2
193,3,22,298,1992,0.28
193,3,22,298,1993,0.36
193,3,22,298,1994,0.43
193,3,22,298,1995,0.49
193,3,22,298,1996,0.54
193,3,22,298,1997,0.59
193,3,22,298,1998,0.62
193,3,22,298,1999,0.64
193,3,22,298,2000,0.65
193,3,22,298,2001,0.66
193,3,22,298,2002,0.67
193,3,22,298,2003,0.67
193,3,22,298,2004,0.66
193,3,22,298,2005,0.65
193,3,22,298,2006,0.63
193,3,22,298,2007,0.62
193,3,22,298,2008,0.6
193,3,22,298,2009,0.58
193,3,22,298,2010,0.55
193,3,22,298,2011,0.52
193,3,22,298,2012,0.5
193,3,22,298,2013,0.46
193,3,22,298,2014,0.43
193,3,22,298,2015,0.39
193,3,22,298,2016,0.36
194,1,22,298,1990,0.02
194,1,22,298,1991,0.04
194,1,22,298,1992,0.05
194,1,22,298,1993,0.08
194,1,22,298,1994,0.11
194,1,22,298,1995,0.14
194,1,22,298,1996,0.18
194,1,22,298,1997,0.22
194,1,22,298,1998,0.25
194,1,22,298,1999,0.28
194,1,22,298,2000,0.3
194,1,22,298,2001,0.33
194,1,22,298,2002,0.34
194,1,22,298,2003,0.36
194,1,22,298,2004,0.37
194,1,22,298,2005,0.37
194,1,22,298,2006,0.37
194,1,22,298,2007,0.35
194,1,22,298,2008,0.34
194,1,22,298,2009,0.33
194,1,22,298,2010,0.32
194,1,22,298,2011,0.31
194,1,22,298,2012,0.32
194,1,22,298,2013,0.32
194,1,22,298,2014,0.32
194,1,22,298,2015,0.32
194,1,22,298,2016,0.31
194,2,22,298,1990,0.02
194,2,22,298,1991,0.04
194,2,22,298,1992,0.06
194,2,22,298,1993,0.09
194,2,22,298,1994,0.14
194,2,22,298,1995,0.19
194,2,22,298,1996,0.25
194,2,22,298,1997,0.31
194,2,22,298,1998,0.36
194,2,22,298,1999,0.4
194,2,22,298,2000,0.43
194,2,22,298,2001,0.47
194,2,22,298,2002,0.49
194,2,22,298,2003,0.5
194,2,22,298,2004,0.52
194,2,22,298,2005,0.53
194,2,22,298,2006,0.53
194,2,22,298,2007,0.53
194,2,22,298,2008,0.5
194,2,22,298,2009,0.49
194,2,22,298,2010,0.46
194,2,22,298,2011,0.46
194,2,22,298,2012,0.47
194,2,22,298,2013,0.46
194,2,22,298,2014,0.46
194,2,22,298,2015,0.46
194,2,22,298,2016,0.45
194,3,22,298,1990,0.02
194,3,22,298,1991,0.04
194,3,22,298,1992,0.06
194,3,22,298,1993,0.08
194,3,22,298,1994,0.12
194,3,22,298,1995,0.16
194,3,22,298,1996,0.21
194,3,22,298,1997,0.26
194,3,22,298,1998,0.29
194,3,22,298,1999,0.33
194,3,22,298,2000,0.36
194,3,22,298,2001,0.39
194,3,22,298,2002,0.41
194,3,22,298,2003,0.43
194,3,22,298,2004,0.44
194,3,22,298,2005,0.45
194,3,22,298,2006,0.44
194,3,22,298,2007,0.43
194,3,22,298,2008,0.42
194,3,22,298,2009,0.4
194,3,22,298,2010,0.38
194,3,22,298,2011,0.38
194,3,22,298,2012,0.39
194,3,22,298,2013,0.38
194,3,22,298,2014,0.38
194,3,22,298,2015,0.38
194,3,22,298,2016,0.37
195,1,22,298,1990,0.04
195,1,22,298,1991,0.06
195,1,22,298,1992,0.08
195,1,22,298,1993,0.11
195,1,22,298,1994,0.14
195,1,22,298,1995,0.18
195,1,22,298,1996,0.22
195,1,22,298,1997,0.26
195,1,22,298,1998,0.29
195,1,22,298,1999,0.33
195,1,22,298,2000,0.35
195,1,22,298,2001,0.38
195,1,22,298,2002,0.4
195,1,22,298,2003,0.42
195,1,22,298,2004,0.43
195,1,22,298,2005,0.42
195,1,22,298,2006,0.4
195,1,22,298,2007,0.38
195,1,22,298,2008,0.35
195,1,22,298,2009,0.31
195,1,22,298,2010,0.31
195,1,22,298,2011,0.3
195,1,22,298,2012,0.29
195,1,22,298,2013,0.28
195,1,22,298,2014,0.26
195,1,22,298,2015,0.25
195,1,22,298,2016,0.25
195,2,22,298,1990,0.03
195,2,22,298,1991,0.05
195,2,22,298,1992,0.08
195,2,22,298,1993,0.11
195,2,22,298,1994,0.16
195,2,22,298,1995,0.21
195,2,22,298,1996,0.27
195,2,22,298,1997,0.33
195,2,22,298,1998,0.38
195,2,22,298,1999,0.43
195,2,22,298,2000,0.47
195,2,22,298,2001,0.5
195,2,22,298,2002,0.53
195,2,22,298,2003,0.56
195,2,22,298,2004,0.58
195,2,22,298,2005,0.58
195,2,22,298,2006,0.58
195,2,22,298,2007,0.56
195,2,22,298,2008,0.54
195,2,22,298,2009,0.53
195,2,22,298,2010,0.49
195,2,22,298,2011,0.44
195,2,22,298,2012,0.4
195,2,22,298,2013,0.37
195,2,22,298,2014,0.36
195,2,22,298,2015,0.37
195,2,22,298,2016,0.36
195,3,22,298,1990,0.04
195,3,22,298,1991,0.05
195,3,22,298,1992,0.08
195,3,22,298,1993,0.11
195,3,22,298,1994,0.15
195,3,22,298,1995,0.19
195,3,22,298,1996,0.24
195,3,22,298,1997,0.29
195,3,22,298,1998,0.33
195,3,22,298,1999,0.37
195,3,22,298,2000,0.4
195,3,22,298,2001,0.44
195,3,22,298,2002,0.46
195,3,22,298,2003,0.49
195,3,22,298,2004,0.5
195,3,22,298,2005,0.5
195,3,22,298,2006,0.49
195,3,22,298,2007,0.47
195,3,22,298,2008,0.44
195,3,22,298,2009,0.41
195,3,22,298,2010,0.39
195,3,22,298,2011,0.36
195,3,22,298,2012,0.34
195,3,22,298,2013,0.31
195,3,22,298,2014,0.3
195,3,22,298,2015,0.3
195,3,22,298,2016,0.29
196,1,22,298,1990,0.01
196,1,22,298,1991,0.01
196,1,22,298,1992,0.02
196,1,22,298,1993,0.04
196,1,22,298,1994,0.07
196,1,22,298,1995,0.1
196,1,22,298,1996,0.15
196,1,22,298,1997,0.19
196,1,22,298,1998,0.24
196,1,22,298,1999,0.29
196,1,22,298,2000,0.32
196,1,22,298,2001,0.36
196,1,22,298,2002,0.39
196,1,22,298,2003,0.42
196,1,22,298,2004,0.44
196,1,22,298,2005,0.45
196,1,22,298,2006,0.46
196,1,22,298,2007,0.47
196,1,22,298,2008,0.47
196,1,22,298,2009,0.47
196,1,22,298,2010,0.47
196,1,22,298,2011,0.46
196,1,22,298,2012,0.44
196,1,22,298,2013,0.42
196,1,22,298,2014,0.4
196,1,22,298,2015,0.38
196,1,22,298,2016,0.37
196,2,22,298,1990,0.01
196,2,22,298,1991,0.01
196,2,22,298,1992,0.03
196,2,22,298,1993,0.05
196,2,22,298,1994,0.09
196,2,22,298,1995,0.14
196,2,22,298,1996,0.2
196,2,22,298,1997,0.26
196,2,22,298,1998,0.32
196,2,22,298,1999,0.37
196,2,22,298,2000,0.41
196,2,22,298,2001,0.45
196,2,22,298,2002,0.49
196,2,22,298,2003,0.51
196,2,22,298,2004,0.53
196,2,22,298,2005,0.55
196,2,22,298,2006,0.56
196,2,22,298,2007,0.57
196,2,22,298,2008,0.57
196,2,22,298,2009,0.57
196,2,22,298,2010,0.57
196,2,22,298,2011,0.56
196,2,22,298,2012,0.54
196,2,22,298,2013,0.51
196,2,22,298,2014,0.47
196,2,22,298,2015,0.44
196,2,22,298,2016,0.42
196,3,22,298,1990,0.01
196,3,22,298,1991,0.01
196,3,22,298,1992,0.03
196,3,22,298,1993,0.05
196,3,22,298,1994,0.08
196,3,22,298,1995,0.12
196,3,22,298,1996,0.17
196,3,22,298,1997,0.22
196,3,22,298,1998,0.28
196,3,22,298,1999,0.33
196,3,22,298,2000,0.36
196,3,22,298,2001,0.4
196,3,22,298,2002,0.44
196,3,22,298,2003,0.46
196,3,22,298,2004,0.49
196,3,22,298,2005,0.5
196,3,22,298,2006,0.51
196,3,22,298,2007,0.52
196,3,22,298,2008,0.52
196,3,22,298,2009,0.52
196,3,22,298,2010,0.52
196,3,22,298,2011,0.5
196,3,22,298,2012,0.49
196,3,22,298,2013,0.46
196,3,22,298,2014,0.43
196,3,22,298,2015,0.41
196,3,22,298,2016,0.39
197,1,22,298,1990,0.02
197,1,22,298,1991,0.03
197,1,22,298,1992,0.06
197,1,22,298,1993,0.1
197,1,22,298,1994,0.15
197,1,22,298,1995,0.21
197,1,22,298,1996,0.26
197,1,22,298,1997,0.32
197,1,22,298,1998,0.36
197,1,22,298,1999,0.4
197,1,22,298,2000,0.42
197,1,22,298,2001,0.43
197,1,22,298,2002,0.45
197,1,22,298,2003,0.45
197,1,22,298,2004,0.46
197,1,22,298,2005,0.46
197,1,22,298,2006,0.45
197,1,22,298,2007,0.44
197,1,22,298,2008,0.43
197,1,22,298,2009,0.42
197,1,22,298,2010,0.41
197,1,22,298,2011,0.4
197,1,22,298,2012,0.39
197,1,22,298,2013,0.37
197,1,22,298,2014,0.36
197,1,22,298,2015,0.34
197,1,22,298,2016,0.32
197,2,22,298,1990,0.02
197,2,22,298,1991,0.04
197,2,22,298,1992,0.07
197,2,22,298,1993,0.13
197,2,22,298,1994,0.21
197,2,22,298,1995,0.3
197,2,22,298,1996,0.39
197,2,22,298,1997,0.46
197,2,22,298,1998,0.51
197,2,22,298,1999,0.54
197,2,22,298,2000,0.56
197,2,22,298,2001,0.57
197,2,22,298,2002,0.59
197,2,22,298,2003,0.6
197,2,22,298,2004,0.6
197,2,22,298,2005,0.6
197,2,22,298,2006,0.6
197,2,22,298,2007,0.59
197,2,22,298,2008,0.58
197,2,22,298,2009,0.57
197,2,22,298,2010,0.56
197,2,22,298,2011,0.54
197,2,22,298,2012,0.52
197,2,22,298,2013,0.5
197,2,22,298,2014,0.48
197,2,22,298,2015,0.44
197,2,22,298,2016,0.4
197,3,22,298,1990,0.02
197,3,22,298,1991,0.03
197,3,22,298,1992,0.06
197,3,22,298,1993,0.12
197,3,22,298,1994,0.18
197,3,22,298,1995,0.25
197,3,22,298,1996,0.32
197,3,22,298,1997,0.38
197,3,22,298,1998,0.43
197,3,22,298,1999,0.46
197,3,22,298,2000,0.49
197,3,22,298,2001,0.5
197,3,22,298,2002,0.51
197,3,22,298,2003,0.52
197,3,22,298,2004,0.53
197,3,22,298,2005,0.53
197,3,22,298,2006,0.52
197,3,22,298,2007,0.51
197,3,22,298,2008,0.5
197,3,22,298,2009,0.49
197,3,22,298,2010,0.48
197,3,22,298,2011,0.46
197,3,22,298,2012,0.45
197,3,22,298,2013,0.43
197,3,22,298,2014,0.41
197,3,22,298,2015,0.38
197,3,22,298,2016,0.35
198,1,22,298,1990,0.3
198,1,22,298,1991,0.37
198,1,22,298,1992,0.43
198,1,22,298,1993,0.47
198,1,22,298,1994,0.51
198,1,22,298,1995,0.53
198,1,22,298,1996,0.55
198,1,22,298,1997,0.56
198,1,22,298,1998,0.56
198,1,22,298,1999,0.55
198,1,22,298,2000,0.54
198,1,22,298,2001,0.54
198,1,22,298,2002,0.52
198,1,22,298,2003,0.51
198,1,22,298,2004,0.49
198,1,22,298,2005,0.47
198,1,22,298,2006,0.45
198,1,22,298,2007,0.42
198,1,22,298,2008,0.39
198,1,22,298,2009,0.36
198,1,22,298,2010,0.35
198,1,22,298,2011,0.32
198,1,22,298,2012,0.29
198,1,22,298,2013,0.26
198,1,22,298,2014,0.24
198,1,22,298,2015,0.23
198,1,22,298,2016,0.2
198,2,22,298,1990,0.23
198,2,22,298,1991,0.31
198,2,22,298,1992,0.38
198,2,22,298,1993,0.44
198,2,22,298,1994,0.5
198,2,22,298,1995,0.54
198,2,22,298,1996,0.57
198,2,22,298,1997,0.6
198,2,22,298,1998,0.61
198,2,22,298,1999,0.61
198,2,22,298,2000,0.61
198,2,22,298,2001,0.61
198,2,22,298,2002,0.61
198,2,22,298,2003,0.6
198,2,22,298,2004,0.58
198,2,22,298,2005,0.57
198,2,22,298,2006,0.56
198,2,22,298,2007,0.54
198,2,22,298,2008,0.5
198,2,22,298,2009,0.47
198,2,22,298,2010,0.46
198,2,22,298,2011,0.42
198,2,22,298,2012,0.39
198,2,22,298,2013,0.37
198,2,22,298,2014,0.33
198,2,22,298,2015,0.29
198,2,22,298,2016,0.27
198,3,22,298,1990,0.27
198,3,22,298,1991,0.34
198,3,22,298,1992,0.41
198,3,22,298,1993,0.46
198,3,22,298,1994,0.5
198,3,22,298,1995,0.54
198,3,22,298,1996,0.56
198,3,22,298,1997,0.58
198,3,22,298,1998,0.58
198,3,22,298,1999,0.58
198,3,22,298,2000,0.57
198,3,22,298,2001,0.57
198,3,22,298,2002,0.56
198,3,22,298,2003,0.55
198,3,22,298,2004,0.53
198,3,22,298,2005,0.52
198,3,22,298,2006,0.5
198,3,22,298,2007,0.48
198,3,22,298,2008,0.44
198,3,22,298,2009,0.41
198,3,22,298,2010,0.4
198,3,22,298,2011,0.37
198,3,22,298,2012,0.33
198,3,22,298,2013,0.31
198,3,22,298,2014,0.28
198,3,22,298,2015,0.26
198,3,22,298,2016,0.23
200,1,22,298,1990,0.01
200,1,22,298,1991,0.01
200,1,22,298,1992,0.01
200,1,22,298,1993,0.01
200,1,22,298,1994,0.01
200,1,22,298,1995,0.02
200,1,22,298,1996,0.02
200,1,22,298,1997,0.02
200,1,22,298,1998,0.03
200,1,22,298,1999,0.03
200,1,22,298,2000,0.03
200,1,22,298,2001,0.04
200,1,22,298,2002,0.04
200,1,22,298,2003,0.04
200,1,22,298,2004,0.04
200,1,22,298,2005,0.05
200,1,22,298,2006,0.05
200,1,22,298,2007,0.05
200,1,22,298,2008,0.04
200,1,22,298,2009,0.03
200,1,22,298,2010,0.03
200,1,22,298,2011,0.03
200,1,22,298,2012,0.03
200,1,22,298,2013,0.03
200,1,22,298,2014,0.03
200,1,22,298,2015,0.02
200,1,22,298,2016,0.02
200,2,22,298,1990,0
200,2,22,298,1991,0
200,2,22,298,1992,0.01
200,2,22,298,1993,0.01
200,2,22,298,1994,0.01
200,2,22,298,1995,0.02
200,2,22,298,1996,0.02
200,2,22,298,1997,0.02
200,2,22,298,1998,0.03
200,2,22,298,1999,0.04
200,2,22,298,2000,0.04
200,2,22,298,2001,0.04
200,2,22,298,2002,0.05
200,2,22,298,2003,0.05
200,2,22,298,2004,0.06
200,2,22,298,2005,0.06
200,2,22,298,2006,0.06
200,2,22,298,2007,0.06
200,2,22,298,2008,0.06
200,2,22,298,2009,0.05
200,2,22,298,2010,0.04
200,2,22,298,2011,0.04
200,2,22,298,2012,0.04
200,2,22,298,2013,0.04
200,2,22,298,2014,0.04
200,2,22,298,2015,0.04
200,2,22,298,2016,0.03
200,3,22,298,1990,0
200,3,22,298,1991,0.01
200,3,22,298,1992,0.01
200,3,22,298,1993,0.01
200,3,22,298,1994,0.01
200,3,22,298,1995,0.02
200,3,22,298,1996,0.02
200,3,22,298,1997,0.02
200,3,22,298,1998,0.03
200,3,22,298,1999,0.03
200,3,22,298,2000,0.04
200,3,22,298,2001,0.04
200,3,22,298,2002,0.04
200,3,22,298,2003,0.05
200,3,22,298,2004,0.05
200,3,22,298,2005,0.05
200,3,22,298,2006,0.05
200,3,22,298,2007,0.05
200,3,22,298,2008,0.05
200,3,22,298,2009,0.04
200,3,22,298,2010,0.04
200,3,22,298,2011,0.03
200,3,22,298,2012,0.03
200,3,22,298,2013,0.03
200,3,22,298,2014,0.03
200,3,22,298,2015,0.03
200,3,22,298,2016,0.03
201,1,22,298,1990,0.04
201,1,22,298,1991,0.05
201,1,22,298,1992,0.05
201,1,22,298,1993,0.06
201,1,22,298,1994,0.06
201,1,22,298,1995,0.07
201,1,22,298,1996,0.07
201,1,22,298,1997,0.07
201,1,22,298,1998,0.07
201,1,22,298,1999,0.07
201,1,22,298,2000,0.06
201,1,22,298,2001,0.06
201,1,22,298,2002,0.06
201,1,22,298,2003,0.06
201,1,22,298,2004,0.05
201,1,22,298,2005,0.05
201,1,22,298,2006,0.04
201,1,22,298,2007,0.04
201,1,22,298,2008,0.03
201,1,22,298,2009,0.03
201,1,22,298,2010,0.03
201,1,22,298,2011,0.02
201,1,22,298,2012,0.02
201,1,22,298,2013,0.02
201,1,22,298,2014,0.02
201,1,22,298,2015,0.02
201,1,22,298,2016,0.02
201,2,22,298,1990,0.02
201,2,22,298,1991,0.03
201,2,22,298,1992,0.04
201,2,22,298,1993,0.04
201,2,22,298,1994,0.05
201,2,22,298,1995,0.06
201,2,22,298,1996,0.06
201,2,22,298,1997,0.06
201,2,22,298,1998,0.07
201,2,22,298,1999,0.07
201,2,22,298,2000,0.07
201,2,22,298,2001,0.07
201,2,22,298,2002,0.07
201,2,22,298,2003,0.06
201,2,22,298,2004,0.06
201,2,22,298,2005,0.06
201,2,22,298,2006,0.05
201,2,22,298,2007,0.05
201,2,22,298,2008,0.04
201,2,22,298,2009,0.04
201,2,22,298,2010,0.03
201,2,22,298,2011,0.03
201,2,22,298,2012,0.02
201,2,22,298,2013,0.02
201,2,22,298,2014,0.02
201,2,22,298,2015,0.02
201,2,22,298,2016,0.02
201,3,22,298,1990,0.03
201,3,22,298,1991,0.04
201,3,22,298,1992,0.04
201,3,22,298,1993,0.05
201,3,22,298,1994,0.06
201,3,22,298,1995,0.06
201,3,22,298,1996,0.06
201,3,22,298,1997,0.07
201,3,22,298,1998,0.07
201,3,22,298,1999,0.07
201,3,22,298,2000,0.07
201,3,22,298,2001,0.06
201,3,22,298,2002,0.06
201,3,22,298,2003,0.06
201,3,22,298,2004,0.06
201,3,22,298,2005,0.05
201,3,22,298,2006,0.05
201,3,22,298,2007,0.04
201,3,22,298,2008,0.04
201,3,22,298,2009,0.03
201,3,22,298,2010,0.03
201,3,22,298,2011,0.03
201,3,22,298,2012,0.02
201,3,22,298,2013,0.02
201,3,22,298,2014,0.02
201,3,22,298,2015,0.02
201,3,22,298,2016,0.02
202,1,22,298,1990,0.02
202,1,22,298,1991,0.03
202,1,22,298,1992,0.04
202,1,22,298,1993,0.05
202,1,22,298,1994,0.06
202,1,22,298,1995,0.07
202,1,22,298,1996,0.08
202,1,22,298,1997,0.08
202,1,22,298,1998,0.09
202,1,22,298,1999,0.1
202,1,22,298,2000,0.11
202,1,22,298,2001,0.12
202,1,22,298,2002,0.12
202,1,22,298,2003,0.13
202,1,22,298,2004,0.13
202,1,22,298,2005,0.13
202,1,22,298,2006,0.13
202,1,22,298,2007,0.13
202,1,22,298,2008,0.12
202,1,22,298,2009,0.12
202,1,22,298,2010,0.11
202,1,22,298,2011,0.11
202,1,22,298,2012,0.11
202,1,22,298,2013,0.11
202,1,22,298,2014,0.11
202,1,22,298,2015,0.11
202,1,22,298,2016,0.11
202,2,22,298,1990,0.01
202,2,22,298,1991,0.02
202,2,22,298,1992,0.03
202,2,22,298,1993,0.04
202,2,22,298,1994,0.05
202,2,22,298,1995,0.06
202,2,22,298,1996,0.07
202,2,22,298,1997,0.08
202,2,22,298,1998,0.1
202,2,22,298,1999,0.11
202,2,22,298,2000,0.12
202,2,22,298,2001,0.14
202,2,22,298,2002,0.15
202,2,22,298,2003,0.16
202,2,22,298,2004,0.16
202,2,22,298,2005,0.16
202,2,22,298,2006,0.17
202,2,22,298,2007,0.17
202,2,22,298,2008,0.16
202,2,22,298,2009,0.16
202,2,22,298,2010,0.16
202,2,22,298,2011,0.15
202,2,22,298,2012,0.15
202,2,22,298,2013,0.14
202,2,22,298,2014,0.14
202,2,22,298,2015,0.14
202,2,22,298,2016,0.14
202,3,22,298,1990,0.02
202,3,22,298,1991,0.03
202,3,22,298,1992,0.03
202,3,22,298,1993,0.04
202,3,22,298,1994,0.05
202,3,22,298,1995,0.06
202,3,22,298,1996,0.07
202,3,22,298,1997,0.08
202,3,22,298,1998,0.1
202,3,22,298,1999,0.11
202,3,22,298,2000,0.12
202,3,22,298,2001,0.13
202,3,22,298,2002,0.13
202,3,22,298,2003,0.14
202,3,22,298,2004,0.14
202,3,22,298,2005,0.14
202,3,22,298,2006,0.14
202,3,22,298,2007,0.14
202,3,22,298,2008,0.14
202,3,22,298,2009,0.14
202,3,22,298,2010,0.13
202,3,22,298,2011,0.13
202,3,22,298,2012,0.13
202,3,22,298,2013,0.13
202,3,22,298,2014,0.12
202,3,22,298,2015,0.12
202,3,22,298,2016,0.12
203,1,22,298,1990,0.02
203,1,22,298,1991,0.03
203,1,22,298,1992,0.03
203,1,22,298,1993,0.03
203,1,22,298,1994,0.04
203,1,22,298,1995,0.04
203,1,22,298,1996,0.04
203,1,22,298,1997,0.04
203,1,22,298,1998,0.05
203,1,22,298,1999,0.05
203,1,22,298,2000,0.05
203,1,22,298,2001,0.06
203,1,22,298,2002,0.06
203,1,22,298,2003,0.06
203,1,22,298,2004,0.06
203,1,22,298,2005,0.06
203,1,22,298,2006,0.06
203,1,22,298,2007,0.06
203,1,22,298,2008,0.06
203,1,22,298,2009,0.06
203,1,22,298,2010,0.06
203,1,22,298,2011,0.06
203,1,22,298,2012,0.06
203,1,22,298,2013,0.06
203,1,22,298,2014,0.06
203,1,22,298,2015,0.06
203,1,22,298,2016,0.06
203,2,22,298,1990,0.01
203,2,22,298,1991,0.02
203,2,22,298,1992,0.02
203,2,22,298,1993,0.03
203,2,22,298,1994,0.03
203,2,22,298,1995,0.03
203,2,22,298,1996,0.04
203,2,22,298,1997,0.05
203,2,22,298,1998,0.05
203,2,22,298,1999,0.06
203,2,22,298,2000,0.07
203,2,22,298,2001,0.07
203,2,22,298,2002,0.08
203,2,22,298,2003,0.08
203,2,22,298,2004,0.09
203,2,22,298,2005,0.09
203,2,22,298,2006,0.09
203,2,22,298,2007,0.09
203,2,22,298,2008,0.09
203,2,22,298,2009,0.09
203,2,22,298,2010,0.09
203,2,22,298,2011,0.09
203,2,22,298,2012,0.09
203,2,22,298,2013,0.09
203,2,22,298,2014,0.09
203,2,22,298,2015,0.09
203,2,22,298,2016,0.09
203,3,22,298,1990,0.02
203,3,22,298,1991,0.02
203,3,22,298,1992,0.03
203,3,22,298,1993,0.03
203,3,22,298,1994,0.04
203,3,22,298,1995,0.04
203,3,22,298,1996,0.04
203,3,22,298,1997,0.05
203,3,22,298,1998,0.05
203,3,22,298,1999,0.05
203,3,22,298,2000,0.06
203,3,22,298,2001,0.06
203,3,22,298,2002,0.07
203,3,22,298,2003,0.07
203,3,22,298,2004,0.07
203,3,22,298,2005,0.07
203,3,22,298,2006,0.07
203,3,22,298,2007,0.07
203,3,22,298,2008,0.07
203,3,22,298,2009,0.07
203,3,22,298,2010,0.07
203,3,22,298,2011,0.07
203,3,22,298,2012,0.07
203,3,22,298,2013,0.07
203,3,22,298,2014,0.07
203,3,22,298,2015,0.07
203,3,22,298,2016,0.07
204,1,22,298,1990,0.01
204,1,22,298,1991,0.01
204,1,22,298,1992,0.02
204,1,22,298,1993,0.02
204,1,22,298,1994,0.03
204,1,22,298,1995,0.03
204,1,22,298,1996,0.04
204,1,22,298,1997,0.04
204,1,22,298,1998,0.05
204,1,22,298,1999,0.05
204,1,22,298,2000,0.05
204,1,22,298,2001,0.06
204,1,22,298,2002,0.06
204,1,22,298,2003,0.06
204,1,22,298,2004,0.06
204,1,22,298,2005,0.07
204,1,22,298,2006,0.07
204,1,22,298,2007,0.07
204,1,22,298,2008,0.07
204,1,22,298,2009,0.06
204,1,22,298,2010,0.06
204,1,22,298,2011,0.06
204,1,22,298,2012,0.06
204,1,22,298,2013,0.06
204,1,22,298,2014,0.06
204,1,22,298,2015,0.06
204,1,22,298,2016,0.05
204,2,22,298,1990,0.01
204,2,22,298,1991,0.01
204,2,22,298,1992,0.01
204,2,22,298,1993,0.02
204,2,22,298,1994,0.02
204,2,22,298,1995,0.03
204,2,22,298,1996,0.04
204,2,22,298,1997,0.04
204,2,22,298,1998,0.05
204,2,22,298,1999,0.05
204,2,22,298,2000,0.06
204,2,22,298,2001,0.07
204,2,22,298,2002,0.07
204,2,22,298,2003,0.08
204,2,22,298,2004,0.08
204,2,22,298,2005,0.09
204,2,22,298,2006,0.09
204,2,22,298,2007,0.09
204,2,22,298,2008,0.09
204,2,22,298,2009,0.09
204,2,22,298,2010,0.08
204,2,22,298,2011,0.08
204,2,22,298,2012,0.08
204,2,22,298,2013,0.08
204,2,22,298,2014,0.08
204,2,22,298,2015,0.08
204,2,22,298,2016,0.07
204,3,22,298,1990,0.01
204,3,22,298,1991,0.01
204,3,22,298,1992,0.02
204,3,22,298,1993,0.02
204,3,22,298,1994,0.03
204,3,22,298,1995,0.03
204,3,22,298,1996,0.04
204,3,22,298,1997,0.04
204,3,22,298,1998,0.05
204,3,22,298,1999,0.05
204,3,22,298,2000,0.06
204,3,22,298,2001,0.06
204,3,22,298,2002,0.07
204,3,22,298,2003,0.07
204,3,22,298,2004,0.07
204,3,22,298,2005,0.08
204,3,22,298,2006,0.08
204,3,22,298,2007,0.08
204,3,22,298,2008,0.08
204,3,22,298,2009,0.07
204,3,22,298,2010,0.07
204,3,22,298,2011,0.07
204,3,22,298,2012,0.07
204,3,22,298,2013,0.07
204,3,22,298,2014,0.07
204,3,22,298,2015,0.07
204,3,22,298,2016,0.06
205,1,22,298,1990,0.05
205,1,22,298,1991,0.07
205,1,22,298,1992,0.08
205,1,22,298,1993,0.09
205,1,22,298,1994,0.1
205,1,22,298,1995,0.11
205,1,22,298,1996,0.12
205,1,22,298,1997,0.12
205,1,22,298,1998,0.13
205,1,22,298,1999,0.13
205,1,22,298,2000,0.14
205,1,22,298,2001,0.14
205,1,22,298,2002,0.14
205,1,22,298,2003,0.14
205,1,22,298,2004,0.14
205,1,22,298,2005,0.13
205,1,22,298,2006,0.13
205,1,22,298,2007,0.12
205,1,22,298,2008,0.12
205,1,22,298,2009,0.11
205,1,22,298,2010,0.11
205,1,22,298,2011,0.1
205,1,22,298,2012,0.1
205,1,22,298,2013,0.1
205,1,22,298,2014,0.1
205,1,22,298,2015,0.09
205,1,22,298,2016,0.08
205,2,22,298,1990,0.03
205,2,22,298,1991,0.04
205,2,22,298,1992,0.05
205,2,22,298,1993,0.06
205,2,22,298,1994,0.07
205,2,22,298,1995,0.09
205,2,22,298,1996,0.1
205,2,22,298,1997,0.11
205,2,22,298,1998,0.12
205,2,22,298,1999,0.13
205,2,22,298,2000,0.14
205,2,22,298,2001,0.15
205,2,22,298,2002,0.16
205,2,22,298,2003,0.16
205,2,22,298,2004,0.17
205,2,22,298,2005,0.17
205,2,22,298,2006,0.16
205,2,22,298,2007,0.16
205,2,22,298,2008,0.16
205,2,22,298,2009,0.16
205,2,22,298,2010,0.15
205,2,22,298,2011,0.13
205,2,22,298,2012,0.12
205,2,22,298,2013,0.12
205,2,22,298,2014,0.12
205,2,22,298,2015,0.11
205,2,22,298,2016,0.1
205,3,22,298,1990,0.04
205,3,22,298,1991,0.05
205,3,22,298,1992,0.07
205,3,22,298,1993,0.08
205,3,22,298,1994,0.09
205,3,22,298,1995,0.1
205,3,22,298,1996,0.11
205,3,22,298,1997,0.12
205,3,22,298,1998,0.13
205,3,22,298,1999,0.13
205,3,22,298,2000,0.14
205,3,22,298,2001,0.14
205,3,22,298,2002,0.15
205,3,22,298,2003,0.15
205,3,22,298,2004,0.15
205,3,22,298,2005,0.15
205,3,22,298,2006,0.14
205,3,22,298,2007,0.14
205,3,22,298,2008,0.14
205,3,22,298,2009,0.13
205,3,22,298,2010,0.12
205,3,22,298,2011,0.12
205,3,22,298,2012,0.11
205,3,22,298,2013,0.11
205,3,22,298,2014,0.1
205,3,22,298,2015,0.1
205,3,22,298,2016,0.09
206,1,22,298,1990,0
206,1,22,298,1991,0
206,1,22,298,1992,0.01
206,1,22,298,1993,0.01
206,1,22,298,1994,0.01
206,1,22,298,1995,0.01
206,1,22,298,1996,0.02
206,1,22,298,1997,0.02
206,1,22,298,1998,0.02
206,1,22,298,1999,0.03
206,1,22,298,2000,0.04
206,1,22,298,2001,0.04
206,1,22,298,2002,0.05
206,1,22,298,2003,0.06
206,1,22,298,2004,0.07
206,1,22,298,2005,0.07
206,1,22,298,2006,0.08
206,1,22,298,2007,0.08
206,1,22,298,2008,0.09
206,1,22,298,2009,0.09
206,1,22,298,2010,0.09
206,1,22,298,2011,0.09
206,1,22,298,2012,0.09
206,1,22,298,2013,0.09
206,1,22,298,2014,0.09
206,1,22,298,2015,0.09
206,1,22,298,2016,0.09
206,2,22,298,1990,0
206,2,22,298,1991,0
206,2,22,298,1992,0
206,2,22,298,1993,0
206,2,22,298,1994,0.01
206,2,22,298,1995,0.01
206,2,22,298,1996,0.01
206,2,22,298,1997,0.01
206,2,22,298,1998,0.02
206,2,22,298,1999,0.02
206,2,22,298,2000,0.03
206,2,22,298,2001,0.03
206,2,22,298,2002,0.04
206,2,22,298,2003,0.05
206,2,22,298,2004,0.05
206,2,22,298,2005,0.06
206,2,22,298,2006,0.06
206,2,22,298,2007,0.07
206,2,22,298,2008,0.07
206,2,22,298,2009,0.07
206,2,22,298,2010,0.07
206,2,22,298,2011,0.07
206,2,22,298,2012,0.06
206,2,22,298,2013,0.06
206,2,22,298,2014,0.06
206,2,22,298,2015,0.06
206,2,22,298,2016,0.06
206,3,22,298,1990,0
206,3,22,298,1991,0
206,3,22,298,1992,0
206,3,22,298,1993,0.01
206,3,22,298,1994,0.01
206,3,22,298,1995,0.01
206,3,22,298,1996,0.01
206,3,22,298,1997,0.02
206,3,22,298,1998,0.02
206,3,22,298,1999,0.03
206,3,22,298,2000,0.03
206,3,22,298,2001,0.04
206,3,22,298,2002,0.04
206,3,22,298,2003,0.05
206,3,22,298,2004,0.06
206,3,22,298,2005,0.07
206,3,22,298,2006,0.07
206,3,22,298,2007,0.08
206,3,22,298,2008,0.08
206,3,22,298,2009,0.08
206,3,22,298,2010,0.08
206,3,22,298,2011,0.08
206,3,22,298,2012,0.07
206,3,22,298,2013,0.07
206,3,22,298,2014,0.07
206,3,22,298,2015,0.07
206,3,22,298,2016,0.07
207,1,22,298,1990,0.03
207,1,22,298,1991,0.04
207,1,22,298,1992,0.04
207,1,22,298,1993,0.05
207,1,22,298,1994,0.06
207,1,22,298,1995,0.07
207,1,22,298,1996,0.07
207,1,22,298,1997,0.08
207,1,22,298,1998,0.09
207,1,22,298,1999,0.09
207,1,22,298,2000,0.1
207,1,22,298,2001,0.1
207,1,22,298,2002,0.1
207,1,22,298,2003,0.1
207,1,22,298,2004,0.1
207,1,22,298,2005,0.1
207,1,22,298,2006,0.1
207,1,22,298,2007,0.1
207,1,22,298,2008,0.09
207,1,22,298,2009,0.09
207,1,22,298,2010,0.08
207,1,22,298,2011,0.08
207,1,22,298,2012,0.07
207,1,22,298,2013,0.07
207,1,22,298,2014,0.07
207,1,22,298,2015,0.07
207,1,22,298,2016,0.06
207,2,22,298,1990,0.02
207,2,22,298,1991,0.02
207,2,22,298,1992,0.03
207,2,22,298,1993,0.04
207,2,22,298,1994,0.05
207,2,22,298,1995,0.06
207,2,22,298,1996,0.07
207,2,22,298,1997,0.08
207,2,22,298,1998,0.1
207,2,22,298,1999,0.11
207,2,22,298,2000,0.12
207,2,22,298,2001,0.13
207,2,22,298,2002,0.13
207,2,22,298,2003,0.14
207,2,22,298,2004,0.15
207,2,22,298,2005,0.15
207,2,22,298,2006,0.15
207,2,22,298,2007,0.15
207,2,22,298,2008,0.14
207,2,22,298,2009,0.14
207,2,22,298,2010,0.13
207,2,22,298,2011,0.13
207,2,22,298,2012,0.12
207,2,22,298,2013,0.11
207,2,22,298,2014,0.11
207,2,22,298,2015,0.11
207,2,22,298,2016,0.1
207,3,22,298,1990,0.02
207,3,22,298,1991,0.03
207,3,22,298,1992,0.04
207,3,22,298,1993,0.05
207,3,22,298,1994,0.05
207,3,22,298,1995,0.06
207,3,22,298,1996,0.07
207,3,22,298,1997,0.08
207,3,22,298,1998,0.09
207,3,22,298,1999,0.1
207,3,22,298,2000,0.11
207,3,22,298,2001,0.11
207,3,22,298,2002,0.12
207,3,22,298,2003,0.12
207,3,22,298,2004,0.12
207,3,22,298,2005,0.12
207,3,22,298,2006,0.12
207,3,22,298,2007,0.12
207,3,22,298,2008,0.12
207,3,22,298,2009,0.11
207,3,22,298,2010,0.11
207,3,22,298,2011,0.1
207,3,22,298,2012,0.09
207,3,22,298,2013,0.09
207,3,22,298,2014,0.09
207,3,22,298,2015,0.09
207,3,22,298,2016,0.08
208,1,22,298,1990,0
208,1,22,298,1991,0
208,1,22,298,1992,0.01
208,1,22,298,1993,0.01
208,1,22,298,1994,0.01
208,1,22,298,1995,0.01
208,1,22,298,1996,0.01
208,1,22,298,1997,0.01
208,1,22,298,1998,0.02
208,1,22,298,1999,0.02
208,1,22,298,2000,0.02
208,1,22,298,2001,0.02
208,1,22,298,2002,0.03
208,1,22,298,2003,0.03
208,1,22,298,2004,0.03
208,1,22,298,2005,0.03
208,1,22,298,2006,0.04
208,1,22,298,2007,0.04
208,1,22,298,2008,0.04
208,1,22,298,2009,0.04
208,1,22,298,2010,0.04
208,1,22,298,2011,0.04
208,1,22,298,2012,0.04
208,1,22,298,2013,0.04
208,1,22,298,2014,0.04
208,1,22,298,2015,0.04
208,1,22,298,2016,0.04
208,2,22,298,1990,0
208,2,22,298,1991,0
208,2,22,298,1992,0
208,2,22,298,1993,0
208,2,22,298,1994,0.01
208,2,22,298,1995,0.01
208,2,22,298,1996,0.01
208,2,22,298,1997,0.01
208,2,22,298,1998,0.02
208,2,22,298,1999,0.02
208,2,22,298,2000,0.02
208,2,22,298,2001,0.03
208,2,22,298,2002,0.03
208,2,22,298,2003,0.04
208,2,22,298,2004,0.04
208,2,22,298,2005,0.04
208,2,22,298,2006,0.05
208,2,22,298,2007,0.05
208,2,22,298,2008,0.05
208,2,22,298,2009,0.05
208,2,22,298,2010,0.05
208,2,22,298,2011,0.05
208,2,22,298,2012,0.05
208,2,22,298,2013,0.04
208,2,22,298,2014,0.04
208,2,22,298,2015,0.04
208,2,22,298,2016,0.05
208,3,22,298,1990,0
208,3,22,298,1991,0
208,3,22,298,1992,0
208,3,22,298,1993,0.01
208,3,22,298,1994,0.01
208,3,22,298,1995,0.01
208,3,22,298,1996,0.01
208,3,22,298,1997,0.01
208,3,22,298,1998,0.02
208,3,22,298,1999,0.02
208,3,22,298,2000,0.02
208,3,22,298,2001,0.03
208,3,22,298,2002,0.03
208,3,22,298,2003,0.03
208,3,22,298,2004,0.04
208,3,22,298,2005,0.04
208,3,22,298,2006,0.04
208,3,22,298,2007,0.04
208,3,22,298,2008,0.04
208,3,22,298,2009,0.04
208,3,22,298,2010,0.04
208,3,22,298,2011,0.04
208,3,22,298,2012,0.04
208,3,22,298,2013,0.04
208,3,22,298,2014,0.04
208,3,22,298,2015,0.04
208,3,22,298,2016,0.04
209,1,22,298,1990,0
209,1,22,298,1991,0
209,1,22,298,1992,0.01
209,1,22,298,1993,0.01
209,1,22,298,1994,0.01
209,1,22,298,1995,0.01
209,1,22,298,1996,0.02
209,1,22,298,1997,0.02
209,1,22,298,1998,0.02
209,1,22,298,1999,0.03
209,1,22,298,2000,0.03
209,1,22,298,2001,0.04
209,1,22,298,2002,0.05
209,1,22,298,2003,0.05
209,1,22,298,2004,0.06
209,1,22,298,2005,0.07
209,1,22,298,2006,0.07
209,1,22,298,2007,0.08
209,1,22,298,2008,0.08
209,1,22,298,2009,0.09
209,1,22,298,2010,0.09
209,1,22,298,2011,0.09
209,1,22,298,2012,0.1
209,1,22,298,2013,0.1
209,1,22,298,2014,0.1
209,1,22,298,2015,0.1
209,1,22,298,2016,0.09
209,2,22,298,1990,0
209,2,22,298,1991,0
209,2,22,298,1992,0
209,2,22,298,1993,0.01
209,2,22,298,1994,0.01
209,2,22,298,1995,0.01
209,2,22,298,1996,0.02
209,2,22,298,1997,0.02
209,2,22,298,1998,0.03
209,2,22,298,1999,0.03
209,2,22,298,2000,0.04
209,2,22,298,2001,0.05
209,2,22,298,2002,0.06
209,2,22,298,2003,0.07
209,2,22,298,2004,0.08
209,2,22,298,2005,0.09
209,2,22,298,2006,0.11
209,2,22,298,2007,0.12
209,2,22,298,2008,0.12
209,2,22,298,2009,0.13
209,2,22,298,2010,0.14
209,2,22,298,2011,0.15
209,2,22,298,2012,0.15
209,2,22,298,2013,0.14
209,2,22,298,2014,0.14
209,2,22,298,2015,0.13
209,2,22,298,2016,0.12
209,3,22,298,1990,0
209,3,22,298,1991,0
209,3,22,298,1992,0.01
209,3,22,298,1993,0.01
209,3,22,298,1994,0.01
209,3,22,298,1995,0.01
209,3,22,298,1996,0.02
209,3,22,298,1997,0.02
209,3,22,298,1998,0.02
209,3,22,298,1999,0.03
209,3,22,298,2000,0.04
209,3,22,298,2001,0.05
209,3,22,298,2002,0.05
209,3,22,298,2003,0.06
209,3,22,298,2004,0.07
209,3,22,298,2005,0.08
209,3,22,298,2006,0.09
209,3,22,298,2007,0.1
209,3,22,298,2008,0.1
209,3,22,298,2009,0.11
209,3,22,298,2010,0.11
209,3,22,298,2011,0.12
209,3,22,298,2012,0.12
209,3,22,298,2013,0.12
209,3,22,298,2014,0.12
209,3,22,298,2015,0.11
209,3,22,298,2016,0.11
210,1,22,298,1990,0.01
210,1,22,298,1991,0.01
210,1,22,298,1992,0.01
210,1,22,298,1993,0.01
210,1,22,298,1994,0.01
210,1,22,298,1995,0.02
210,1,22,298,1996,0.02
210,1,22,298,1997,0.03
210,1,22,298,1998,0.03
210,1,22,298,1999,0.04
210,1,22,298,2000,0.04
210,1,22,298,2001,0.05
210,1,22,298,2002,0.05
210,1,22,298,2003,0.05
210,1,22,298,2004,0.06
210,1,22,298,2005,0.07
210,1,22,298,2006,0.07
210,1,22,298,2007,0.07
210,1,22,298,2008,0.07
210,1,22,298,2009,0.07
210,1,22,298,2010,0.06
210,1,22,298,2011,0.06
210,1,22,298,2012,0.06
210,1,22,298,2013,0.06
210,1,22,298,2014,0.05
210,1,22,298,2015,0.06
210,1,22,298,2016,0.05
210,2,22,298,1990,0
210,2,22,298,1991,0.01
210,2,22,298,1992,0.01
210,2,22,298,1993,0.01
210,2,22,298,1994,0.01
210,2,22,298,1995,0.02
210,2,22,298,1996,0.02
210,2,22,298,1997,0.03
210,2,22,298,1998,0.04
210,2,22,298,1999,0.04
210,2,22,298,2000,0.05
210,2,22,298,2001,0.06
210,2,22,298,2002,0.06
210,2,22,298,2003,0.07
210,2,22,298,2004,0.08
210,2,22,298,2005,0.08
210,2,22,298,2006,0.09
210,2,22,298,2007,0.09
210,2,22,298,2008,0.09
210,2,22,298,2009,0.09
210,2,22,298,2010,0.09
210,2,22,298,2011,0.08
210,2,22,298,2012,0.08
210,2,22,298,2013,0.08
210,2,22,298,2014,0.06
210,2,22,298,2015,0.07
210,2,22,298,2016,0.07
210,3,22,298,1990,0
210,3,22,298,1991,0.01
210,3,22,298,1992,0.01
210,3,22,298,1993,0.01
210,3,22,298,1994,0.01
210,3,22,298,1995,0.02
210,3,22,298,1996,0.02
210,3,22,298,1997,0.03
210,3,22,298,1998,0.03
210,3,22,298,1999,0.04
210,3,22,298,2000,0.05
210,3,22,298,2001,0.05
210,3,22,298,2002,0.06
210,3,22,298,2003,0.06
210,3,22,298,2004,0.07
210,3,22,298,2005,0.08
210,3,22,298,2006,0.08
210,3,22,298,2007,0.08
210,3,22,298,2008,0.08
210,3,22,298,2009,0.08
210,3,22,298,2010,0.07
210,3,22,298,2011,0.07
210,3,22,298,2012,0.07
210,3,22,298,2013,0.07
210,3,22,298,2014,0.05
210,3,22,298,2015,0.06
210,3,22,298,2016,0.06
211,1,22,298,1990,0.01
211,1,22,298,1991,0.01
211,1,22,298,1992,0.01
211,1,22,298,1993,0.01
211,1,22,298,1994,0.01
211,1,22,298,1995,0.02
211,1,22,298,1996,0.02
211,1,22,298,1997,0.02
211,1,22,298,1998,0.02
211,1,22,298,1999,0.03
211,1,22,298,2000,0.03
211,1,22,298,2001,0.03
211,1,22,298,2002,0.03
211,1,22,298,2003,0.03
211,1,22,298,2004,0.03
211,1,22,298,2005,0.03
211,1,22,298,2006,0.03
211,1,22,298,2007,0.03
211,1,22,298,2008,0.03
211,1,22,298,2009,0.03
211,1,22,298,2010,0.03
211,1,22,298,2011,0.03
211,1,22,298,2012,0.03
211,1,22,298,2013,0.03
211,1,22,298,2014,0.03
211,1,22,298,2015,0.03
211,1,22,298,2016,0.03
211,2,22,298,1990,0
211,2,22,298,1991,0
211,2,22,298,1992,0
211,2,22,298,1993,0.01
211,2,22,298,1994,0.01
211,2,22,298,1995,0.01
211,2,22,298,1996,0.01
211,2,22,298,1997,0.01
211,2,22,298,1998,0.01
211,2,22,298,1999,0.02
211,2,22,298,2000,0.02
211,2,22,298,2001,0.02
211,2,22,298,2002,0.02
211,2,22,298,2003,0.02
211,2,22,298,2004,0.02
211,2,22,298,2005,0.02
211,2,22,298,2006,0.02
211,2,22,298,2007,0.02
211,2,22,298,2008,0.02
211,2,22,298,2009,0.02
211,2,22,298,2010,0.02
211,2,22,298,2011,0.02
211,2,22,298,2012,0.02
211,2,22,298,2013,0.02
211,2,22,298,2014,0.02
211,2,22,298,2015,0.02
211,2,22,298,2016,0.02
211,3,22,298,1990,0
211,3,22,298,1991,0.01
211,3,22,298,1992,0.01
211,3,22,298,1993,0.01
211,3,22,298,1994,0.01
211,3,22,298,1995,0.01
211,3,22,298,1996,0.01
211,3,22,298,1997,0.02
211,3,22,298,1998,0.02
211,3,22,298,1999,0.02
211,3,22,298,2000,0.02
211,3,22,298,2001,0.02
211,3,22,298,2002,0.03
211,3,22,298,2003,0.03
211,3,22,298,2004,0.03
211,3,22,298,2005,0.03
211,3,22,298,2006,0.03
211,3,22,298,2007,0.03
211,3,22,298,2008,0.03
211,3,22,298,2009,0.03
211,3,22,298,2010,0.03
211,3,22,298,2011,0.03
211,3,22,298,2012,0.02
211,3,22,298,2013,0.03
211,3,22,298,2014,0.03
211,3,22,298,2015,0.03
211,3,22,298,2016,0.03
212,1,22,298,1990,0.01
212,1,22,298,1991,0.01
212,1,22,298,1992,0.01
212,1,22,298,1993,0.02
212,1,22,298,1994,0.02
212,1,22,298,1995,0.02
212,1,22,298,1996,0.02
212,1,22,298,1997,0.02
212,1,22,298,1998,0.03
212,1,22,298,1999,0.03
212,1,22,298,2000,0.03
212,1,22,298,2001,0.03
212,1,22,298,2002,0.03
212,1,22,298,2003,0.04
212,1,22,298,2004,0.04
212,1,22,298,2005,0.04
212,1,22,298,2006,0.04
212,1,22,298,2007,0.04
212,1,22,298,2008,0.04
212,1,22,298,2009,0.04
212,1,22,298,2010,0.04
212,1,22,298,2011,0.04
212,1,22,298,2012,0.04
212,1,22,298,2013,0.04
212,1,22,298,2014,0.04
212,1,22,298,2015,0.04
212,1,22,298,2016,0.04
212,2,22,298,1990,0
212,2,22,298,1991,0.01
212,2,22,298,1992,0.01
212,2,22,298,1993,0.01
212,2,22,298,1994,0.01
212,2,22,298,1995,0.01
212,2,22,298,1996,0.01
212,2,22,298,1997,0.01
212,2,22,298,1998,0.02
212,2,22,298,1999,0.02
212,2,22,298,2000,0.02
212,2,22,298,2001,0.02
212,2,22,298,2002,0.02
212,2,22,298,2003,0.02
212,2,22,298,2004,0.02
212,2,22,298,2005,0.02
212,2,22,298,2006,0.02
212,2,22,298,2007,0.02
212,2,22,298,2008,0.02
212,2,22,298,2009,0.02
212,2,22,298,2010,0.02
212,2,22,298,2011,0.02
212,2,22,298,2012,0.02
212,2,22,298,2013,0.02
212,2,22,298,2014,0.02
212,2,22,298,2015,0.02
212,2,22,298,2016,0.02
212,3,22,298,1990,0.01
212,3,22,298,1991,0.01
212,3,22,298,1992,0.01
212,3,22,298,1993,0.01
212,3,22,298,1994,0.01
212,3,22,298,1995,0.02
212,3,22,298,1996,0.02
212,3,22,298,1997,0.02
212,3,22,298,1998,0.02
212,3,22,298,1999,0.02
212,3,22,298,2000,0.02
212,3,22,298,2001,0.03
212,3,22,298,2002,0.03
212,3,22,298,2003,0.03
212,3,22,298,2004,0.03
212,3,22,298,2005,0.03
212,3,22,298,2006,0.03
212,3,22,298,2007,0.03
212,3,22,298,2008,0.03
212,3,22,298,2009,0.03
212,3,22,298,2010,0.03
212,3,22,298,2011,0.03
212,3,22,298,2012,0.03
212,3,22,298,2013,0.03
212,3,22,298,2014,0.03
212,3,22,298,2015,0.03
212,3,22,298,2016,0.03
213,1,22,298,1990,0
213,1,22,298,1991,0
213,1,22,298,1992,0
213,1,22,298,1993,0
213,1,22,298,1994,0
213,1,22,298,1995,0.01
213,1,22,298,1996,0.01
213,1,22,298,1997,0.01
213,1,22,298,1998,0.01
213,1,22,298,1999,0.01
213,1,22,298,2000,0.02
213,1,22,298,2001,0.02
213,1,22,298,2002,0.02
213,1,22,298,2003,0.02
213,1,22,298,2004,0.02
213,1,22,298,2005,0.02
213,1,22,298,2006,0.02
213,1,22,298,2007,0.02
213,1,22,298,2008,0.02
213,1,22,298,2009,0.02
213,1,22,298,2010,0.02
213,1,22,298,2011,0.02
213,1,22,298,2012,0.02
213,1,22,298,2013,0.01
213,1,22,298,2014,0.01
213,1,22,298,2015,0.01
213,1,22,298,2016,0.01
213,2,22,298,1990,0
213,2,22,298,1991,0
213,2,22,298,1992,0
213,2,22,298,1993,0
213,2,22,298,1994,0.01
213,2,22,298,1995,0.01
213,2,22,298,1996,0.01
213,2,22,298,1997,0.01
213,2,22,298,1998,0.02
213,2,22,298,1999,0.02
213,2,22,298,2000,0.02
213,2,22,298,2001,0.02
213,2,22,298,2002,0.03
213,2,22,298,2003,0.03
213,2,22,298,2004,0.03
213,2,22,298,2005,0.03
213,2,22,298,2006,0.03
213,2,22,298,2007,0.03
213,2,22,298,2008,0.03
213,2,22,298,2009,0.03
213,2,22,298,2010,0.03
213,2,22,298,2011,0.03
213,2,22,298,2012,0.02
213,2,22,298,2013,0.02
213,2,22,298,2014,0.02
213,2,22,298,2015,0.02
213,2,22,298,2016,0.02
213,3,22,298,1990,0
213,3,22,298,1991,0
213,3,22,298,1992,0
213,3,22,298,1993,0
213,3,22,298,1994,0.01
213,3,22,298,1995,0.01
213,3,22,298,1996,0.01
213,3,22,298,1997,0.01
213,3,22,298,1998,0.01
213,3,22,298,1999,0.02
213,3,22,298,2000,0.02
213,3,22,298,2001,0.02
213,3,22,298,2002,0.02
213,3,22,298,2003,0.02
213,3,22,298,2004,0.03
213,3,22,298,2005,0.03
213,3,22,298,2006,0.03
213,3,22,298,2007,0.03
213,3,22,298,2008,0.03
213,3,22,298,2009,0.03
213,3,22,298,2010,0.02
213,3,22,298,2011,0.02
213,3,22,298,2012,0.02
213,3,22,298,2013,0.02
213,3,22,298,2014,0.02
213,3,22,298,2015,0.02
213,3,22,298,2016,0.01
214,1,22,298,1990,0.02
214,1,22,298,1991,0.02
214,1,22,298,1992,0.02
214,1,22,298,1993,0.03
214,1,22,298,1994,0.04
214,1,22,298,1995,0.04
214,1,22,298,1996,0.05
214,1,22,298,1997,0.06
214,1,22,298,1998,0.06
214,1,22,298,1999,0.07
214,1,22,298,2000,0.07
214,1,22,298,2001,0.08
214,1,22,298,2002,0.08
214,1,22,298,2003,0.08
214,1,22,298,2004,0.09
214,1,22,298,2005,0.09
214,1,22,298,2006,0.09
214,1,22,298,2007,0.09
214,1,22,298,2008,0.09
214,1,22,298,2009,0.09
214,1,22,298,2010,0.09
214,1,22,298,2011,0.09
214,1,22,298,2012,0.09
214,1,22,298,2013,0.09
214,1,22,298,2014,0.09
214,1,22,298,2015,0.09
214,1,22,298,2016,0.08
214,2,22,298,1990,0.01
214,2,22,298,1991,0.01
214,2,22,298,1992,0.02
214,2,22,298,1993,0.02
214,2,22,298,1994,0.03
214,2,22,298,1995,0.04
214,2,22,298,1996,0.04
214,2,22,298,1997,0.05
214,2,22,298,1998,0.06
214,2,22,298,1999,0.07
214,2,22,298,2000,0.08
214,2,22,298,2001,0.09
214,2,22,298,2002,0.09
214,2,22,298,2003,0.1
214,2,22,298,2004,0.11
214,2,22,298,2005,0.11
214,2,22,298,2006,0.12
214,2,22,298,2007,0.12
214,2,22,298,2008,0.12
214,2,22,298,2009,0.12
214,2,22,298,2010,0.12
214,2,22,298,2011,0.12
214,2,22,298,2012,0.12
214,2,22,298,2013,0.12
214,2,22,298,2014,0.11
214,2,22,298,2015,0.1
214,2,22,298,2016,0.09
214,3,22,298,1990,0.01
214,3,22,298,1991,0.02
214,3,22,298,1992,0.02
214,3,22,298,1993,0.03
214,3,22,298,1994,0.03
214,3,22,298,1995,0.04
214,3,22,298,1996,0.05
214,3,22,298,1997,0.05
214,3,22,298,1998,0.06
214,3,22,298,1999,0.07
214,3,22,298,2000,0.08
214,3,22,298,2001,0.08
214,3,22,298,2002,0.09
214,3,22,298,2003,0.09
214,3,22,298,2004,0.1
214,3,22,298,2005,0.1
214,3,22,298,2006,0.1
214,3,22,298,2007,0.1
214,3,22,298,2008,0.11
214,3,22,298,2009,0.1
214,3,22,298,2010,0.1
214,3,22,298,2011,0.11
214,3,22,298,2012,0.11
214,3,22,298,2013,0.1
214,3,22,298,2014,0.1
214,3,22,298,2015,0.09
214,3,22,298,2016,0.08
215,1,22,298,1990,0.01
215,1,22,298,1991,0.01
215,1,22,298,1992,0.02
215,1,22,298,1993,0.02
215,1,22,298,1994,0.03
215,1,22,298,1995,0.03
215,1,22,298,1996,0.03
215,1,22,298,1997,0.04
215,1,22,298,1998,0.04
215,1,22,298,1999,0.04
215,1,22,298,2000,0.05
215,1,22,298,2001,0.05
215,1,22,298,2002,0.05
215,1,22,298,2003,0.06
215,1,22,298,2004,0.06
215,1,22,298,2005,0.06
215,1,22,298,2006,0.06
215,1,22,298,2007,0.06
215,1,22,298,2008,0.06
215,1,22,298,2009,0.06
215,1,22,298,2010,0.06
215,1,22,298,2011,0.05
215,1,22,298,2012,0.05
215,1,22,298,2013,0.04
215,1,22,298,2014,0.04
215,1,22,298,2015,0.04
215,1,22,298,2016,0.03
215,2,22,298,1990,0
215,2,22,298,1991,0.01
215,2,22,298,1992,0.01
215,2,22,298,1993,0.01
215,2,22,298,1994,0.02
215,2,22,298,1995,0.02
215,2,22,298,1996,0.02
215,2,22,298,1997,0.02
215,2,22,298,1998,0.03
215,2,22,298,1999,0.03
215,2,22,298,2000,0.03
215,2,22,298,2001,0.03
215,2,22,298,2002,0.04
215,2,22,298,2003,0.04
215,2,22,298,2004,0.04
215,2,22,298,2005,0.04
215,2,22,298,2006,0.04
215,2,22,298,2007,0.04
215,2,22,298,2008,0.04
215,2,22,298,2009,0.03
215,2,22,298,2010,0.03
215,2,22,298,2011,0.03
215,2,22,298,2012,0.02
215,2,22,298,2013,0.02
215,2,22,298,2014,0.02
215,2,22,298,2015,0.02
215,2,22,298,2016,0.01
215,3,22,298,1990,0.01
215,3,22,298,1991,0.01
215,3,22,298,1992,0.01
215,3,22,298,1993,0.02
215,3,22,298,1994,0.02
215,3,22,298,1995,0.02
215,3,22,298,1996,0.03
215,3,22,298,1997,0.03
215,3,22,298,1998,0.03
215,3,22,298,1999,0.04
215,3,22,298,2000,0.04
215,3,22,298,2001,0.04
215,3,22,298,2002,0.05
215,3,22,298,2003,0.05
215,3,22,298,2004,0.05
215,3,22,298,2005,0.05
215,3,22,298,2006,0.05
215,3,22,298,2007,0.05
215,3,22,298,2008,0.05
215,3,22,298,2009,0.05
215,3,22,298,2010,0.04
215,3,22,298,2011,0.04
215,3,22,298,2012,0.04
215,3,22,298,2013,0.03
215,3,22,298,2014,0.03
215,3,22,298,2015,0.03
215,3,22,298,2016,0.02
216,1,22,298,1990,0
216,1,22,298,1991,0
216,1,22,298,1992,0.01
216,1,22,298,1993,0.01
216,1,22,298,1994,0.01
216,1,22,298,1995,0.01
216,1,22,298,1996,0.01
216,1,22,298,1997,0.01
216,1,22,298,1998,0.01
216,1,22,298,1999,0.02
216,1,22,298,2000,0.02
216,1,22,298,2001,0.02
216,1,22,298,2002,0.02
216,1,22,298,2003,0.02
216,1,22,298,2004,0.03
216,1,22,298,2005,0.03
216,1,22,298,2006,0.03
216,1,22,298,2007,0.03
216,1,22,298,2008,0.03
216,1,22,298,2009,0.03
216,1,22,298,2010,0.03
216,1,22,298,2011,0.03
216,1,22,298,2012,0.03
216,1,22,298,2013,0.03
216,1,22,298,2014,0.03
216,1,22,298,2015,0.03
216,1,22,298,2016,0.02
216,2,22,298,1990,0
216,2,22,298,1991,0
216,2,22,298,1992,0
216,2,22,298,1993,0
216,2,22,298,1994,0
216,2,22,298,1995,0.01
216,2,22,298,1996,0.01
216,2,22,298,1997,0.01
216,2,22,298,1998,0.01
216,2,22,298,1999,0.01
216,2,22,298,2000,0.01
216,2,22,298,2001,0.02
216,2,22,298,2002,0.02
216,2,22,298,2003,0.02
216,2,22,298,2004,0.02
216,2,22,298,2005,0.02
216,2,22,298,2006,0.02
216,2,22,298,2007,0.02
216,2,22,298,2008,0.02
216,2,22,298,2009,0.02
216,2,22,298,2010,0.02
216,2,22,298,2011,0.02
216,2,22,298,2012,0.02
216,2,22,298,2013,0.02
216,2,22,298,2014,0.02
216,2,22,298,2015,0.02
216,2,22,298,2016,0.02
216,3,22,298,1990,0
216,3,22,298,1991,0
216,3,22,298,1992,0
216,3,22,298,1993,0
216,3,22,298,1994,0.01
216,3,22,298,1995,0.01
216,3,22,298,1996,0.01
216,3,22,298,1997,0.01
216,3,22,298,1998,0.01
216,3,22,298,1999,0.01
216,3,22,298,2000,0.02
216,3,22,298,2001,0.02
216,3,22,298,2002,0.02
216,3,22,298,2003,0.02
216,3,22,298,2004,0.02
216,3,22,298,2005,0.03
216,3,22,298,2006,0.03
216,3,22,298,2007,0.03
216,3,22,298,2008,0.02
216,3,22,298,2009,0.02
216,3,22,298,2010,0.02
216,3,22,298,2011,0.02
216,3,22,298,2012,0.02
216,3,22,298,2013,0.02
216,3,22,298,2014,0.02
216,3,22,298,2015,0.02
216,3,22,298,2016,0.02
217,1,22,298,1990,0
217,1,22,298,1991,0
217,1,22,298,1992,0
217,1,22,298,1993,0
217,1,22,298,1994,0
217,1,22,298,1995,0
217,1,22,298,1996,0
217,1,22,298,1997,0.01
217,1,22,298,1998,0.01
217,1,22,298,1999,0.01
217,1,22,298,2000,0.01
217,1,22,298,2001,0.01
217,1,22,298,2002,0.02
217,1,22,298,2003,0.02
217,1,22,298,2004,0.02
217,1,22,298,2005,0.02
217,1,22,298,2006,0.03
217,1,22,298,2007,0.03
217,1,22,298,2008,0.03
217,1,22,298,2009,0.03
217,1,22,298,2010,0.03
217,1,22,298,2011,0.03
217,1,22,298,2012,0.03
217,1,22,298,2013,0.03
217,1,22,298,2014,0.03
217,1,22,298,2015,0.03
217,1,22,298,2016,0.03
217,2,22,298,1990,0
217,2,22,298,1991,0
217,2,22,298,1992,0
217,2,22,298,1993,0
217,2,22,298,1994,0
217,2,22,298,1995,0
217,2,22,298,1996,0
217,2,22,298,1997,0.01
217,2,22,298,1998,0.01
217,2,22,298,1999,0.01
217,2,22,298,2000,0.01
217,2,22,298,2001,0.02
217,2,22,298,2002,0.02
217,2,22,298,2003,0.03
217,2,22,298,2004,0.03
217,2,22,298,2005,0.03
217,2,22,298,2006,0.04
217,2,22,298,2007,0.04
217,2,22,298,2008,0.04
217,2,22,298,2009,0.05
217,2,22,298,2010,0.05
217,2,22,298,2011,0.05
217,2,22,298,2012,0.04
217,2,22,298,2013,0.04
217,2,22,298,2014,0.04
217,2,22,298,2015,0.04
217,2,22,298,2016,0.04
217,3,22,298,1990,0
217,3,22,298,1991,0
217,3,22,298,1992,0
217,3,22,298,1993,0
217,3,22,298,1994,0
217,3,22,298,1995,0
217,3,22,298,1996,0
217,3,22,298,1997,0.01
217,3,22,298,1998,0.01
217,3,22,298,1999,0.01
217,3,22,298,2000,0.01
217,3,22,298,2001,0.02
217,3,22,298,2002,0.02
217,3,22,298,2003,0.02
217,3,22,298,2004,0.03
217,3,22,298,2005,0.03
217,3,22,298,2006,0.03
217,3,22,298,2007,0.04
217,3,22,298,2008,0.04
217,3,22,298,2009,0.04
217,3,22,298,2010,0.04
217,3,22,298,2011,0.04
217,3,22,298,2012,0.04
217,3,22,298,2013,0.04
217,3,22,298,2014,0.03
217,3,22,298,2015,0.04
217,3,22,298,2016,0.03
218,1,22,298,1990,0.01
218,1,22,298,1991,0.02
218,1,22,298,1992,0.02
218,1,22,298,1993,0.03
218,1,22,298,1994,0.04
218,1,22,298,1995,0.05
218,1,22,298,1996,0.06
218,1,22,298,1997,0.07
218,1,22,298,1998,0.08
218,1,22,298,1999,0.09
218,1,22,298,2000,0.1
218,1,22,298,2001,0.11
218,1,22,298,2002,0.12
218,1,22,298,2003,0.12
218,1,22,298,2004,0.13
218,1,22,298,2005,0.13
218,1,22,298,2006,0.13
218,1,22,298,2007,0.13
218,1,22,298,2008,0.12
218,1,22,298,2009,0.12
218,1,22,298,2010,0.11
218,1,22,298,2011,0.1
218,1,22,298,2012,0.09
218,1,22,298,2013,0.09
218,1,22,298,2014,0.09
218,1,22,298,2015,0.08
218,1,22,298,2016,0.08
218,2,22,298,1990,0.01
218,2,22,298,1991,0.01
218,2,22,298,1992,0.02
218,2,22,298,1993,0.02
218,2,22,298,1994,0.03
218,2,22,298,1995,0.05
218,2,22,298,1996,0.06
218,2,22,298,1997,0.08
218,2,22,298,1998,0.09
218,2,22,298,1999,0.11
218,2,22,298,2000,0.13
218,2,22,298,2001,0.14
218,2,22,298,2002,0.16
218,2,22,298,2003,0.17
218,2,22,298,2004,0.18
218,2,22,298,2005,0.18
218,2,22,298,2006,0.19
218,2,22,298,2007,0.19
218,2,22,298,2008,0.19
218,2,22,298,2009,0.18
218,2,22,298,2010,0.17
218,2,22,298,2011,0.15
218,2,22,298,2012,0.13
218,2,22,298,2013,0.12
218,2,22,298,2014,0.11
218,2,22,298,2015,0.1
218,2,22,298,2016,0.1
218,3,22,298,1990,0.01
218,3,22,298,1991,0.01
218,3,22,298,1992,0.02
218,3,22,298,1993,0.03
218,3,22,298,1994,0.04
218,3,22,298,1995,0.05
218,3,22,298,1996,0.06
218,3,22,298,1997,0.07
218,3,22,298,1998,0.08
218,3,22,298,1999,0.1
218,3,22,298,2000,0.11
218,3,22,298,2001,0.13
218,3,22,298,2002,0.14
218,3,22,298,2003,0.15
218,3,22,298,2004,0.15
218,3,22,298,2005,0.15
218,3,22,298,2006,0.16
218,3,22,298,2007,0.15
218,3,22,298,2008,0.15
218,3,22,298,2009,0.15
218,3,22,298,2010,0.14
218,3,22,298,2011,0.12
218,3,22,298,2012,0.11
218,3,22,298,2013,0.1
218,3,22,298,2014,0.1
218,3,22,298,2015,0.09
218,3,22,298,2016,0.09
298,1,22,298,1990,0
298,1,22,298,1991,0
298,1,22,298,1992,0
298,1,22,298,1993,0
298,1,22,298,1994,0
298,1,22,298,1995,0
298,1,22,298,1996,0
298,1,22,298,1997,0
298,1,22,298,1998,0
298,1,22,298,1999,0.01
298,1,22,298,2000,0.01
298,1,22,298,2001,0.01
298,1,22,298,2002,0.01
298,1,22,298,2003,0.01
298,1,22,298,2004,0.01
298,1,22,298,2005,0.01
298,1,22,298,2006,0.01
298,1,22,298,2007,0.01
298,1,22,298,2008,0.01
298,1,22,298,2009,0.01
298,1,22,298,2010,0.01
298,1,22,298,2011,0.01
298,1,22,298,2012,0.01
298,1,22,298,2013,0.01
298,1,22,298,2014,0.01
298,1,22,298,2015,0.01
298,1,22,298,2016,0.01
298,2,22,298,1990,0
298,2,22,298,1991,0
298,2,22,298,1992,0
298,2,22,298,1993,0
298,2,22,298,1994,0
298,2,22,298,1995,0
298,2,22,298,1996,0
298,2,22,298,1997,0
298,2,22,298,1998,0
298,2,22,298,1999,0
298,2,22,298,2000,0
298,2,22,298,2001,0
298,2,22,298,2002,0
298,2,22,298,2003,0
298,2,22,298,2004,0
298,2,22,298,2005,0
298,2,22,298,2006,0
298,2,22,298,2007,0
298,2,22,298,2008,0.01
298,2,22,298,2009,0
298,2,22,298,2010,0.01
298,2,22,298,2011,0.01
298,2,22,298,2012,0.01
298,2,22,298,2013,0.01
298,2,22,298,2014,0.01
298,2,22,298,2015,0.01
298,2,22,298,2016,0.01
298,3,22,298,1990,0
298,3,22,298,1991,0
298,3,22,298,1992,0
298,3,22,298,1993,0
298,3,22,298,1994,0
298,3,22,298,1995,0
298,3,22,298,1996,0
298,3,22,298,1997,0
298,3,22,298,1998,0
298,3,22,298,1999,0
298,3,22,298,2000,0
298,3,22,298,2001,0.01
298,3,22,298,2002,0.01
298,3,22,298,2003,0.01
298,3,22,298,2004,0.01
298,3,22,298,2005,0.01
298,3,22,298,2006,0.01
298,3,22,298,2007,0.01
298,3,22,298,2008,0.01
298,3,22,298,2009,0.01
298,3,22,298,2010,0.01
298,3,22,298,2011,0.01
298,3,22,298,2012,0.01
298,3,22,298,2013,0.01
298,3,22,298,2014,0.01
298,3,22,298,2015,0.01
298,3,22,298,2016,0.01
305,1,22,298,1990,0.04
305,1,22,298,1991,0.04
305,1,22,298,1992,0.06
305,1,22,298,1993,0.09
305,1,22,298,1994,0.1
305,1,22,298,1995,0.07
305,1,22,298,1996,0.11
305,1,22,298,1997,0.07
305,1,22,298,1998,0.07
305,1,22,298,1999,0.09
305,1,22,298,2000,0.14
305,1,22,298,2001,0.1
305,1,22,298,2002,0.11
305,1,22,298,2003,0.1
305,1,22,298,2004,0.09
305,1,22,298,2005,0.06
305,1,22,298,2006,0.08
305,1,22,298,2007,0.07
305,1,22,298,2008,0.06
305,1,22,298,2009,0.06
305,1,22,298,2010,0.06
305,1,22,298,2011,0.06
305,1,22,298,2012,0.06
305,1,22,298,2013,0.05
305,1,22,298,2014,0.07
305,1,22,298,2015,0.06
305,1,22,298,2016,0.06
305,2,22,298,1990,0.01
305,2,22,298,1991,0.01
305,2,22,298,1992,0.02
305,2,22,298,1993,0.02
305,2,22,298,1994,0.03
305,2,22,298,1995,0.03
305,2,22,298,1996,0.04
305,2,22,298,1997,0.03
305,2,22,298,1998,0.04
305,2,22,298,1999,0.05
305,2,22,298,2000,0.07
305,2,22,298,2001,0.07
305,2,22,298,2002,0.07
305,2,22,298,2003,0.06
305,2,22,298,2004,0.06
305,2,22,298,2005,0.05
305,2,22,298,2006,0.05
305,2,22,298,2007,0.04
305,2,22,298,2008,0.04
305,2,22,298,2009,0.04
305,2,22,298,2010,0.04
305,2,22,298,2011,0.04
305,2,22,298,2012,0.04
305,2,22,298,2013,0.04
305,2,22,298,2014,0.04
305,2,22,298,2015,0.04
305,2,22,298,2016,0.04
305,3,22,298,1990,0.03
305,3,22,298,1991,0.03
305,3,22,298,1992,0.04
305,3,22,298,1993,0.06
305,3,22,298,1994,0.07
305,3,22,298,1995,0.05
305,3,22,298,1996,0.08
305,3,22,298,1997,0.05
305,3,22,298,1998,0.06
305,3,22,298,1999,0.08
305,3,22,298,2000,0.11
305,3,22,298,2001,0.09
305,3,22,298,2002,0.09
305,3,22,298,2003,0.08
305,3,22,298,2004,0.08
305,3,22,298,2005,0.06
305,3,22,298,2006,0.07
305,3,22,298,2007,0.06
305,3,22,298,2008,0.06
305,3,22,298,2009,0.05
305,3,22,298,2010,0.05
305,3,22,298,2011,0.05
305,3,22,298,2012,0.05
305,3,22,298,2013,0.05
305,3,22,298,2014,0.06
305,3,22,298,2015,0.05
305,3,22,298,2016,0.05
349,1,22,298,1990,0.01
349,1,22,298,1991,0.01
349,1,22,298,1992,0.01
349,1,22,298,1993,0.01
349,1,22,298,1994,0.01
349,1,22,298,1995,0.01
349,1,22,298,1996,0.01
349,1,22,298,1997,0.01
349,1,22,298,1998,0.01
349,1,22,298,1999,0.01
349,1,22,298,2000,0.01
349,1,22,298,2001,0.01
349,1,22,298,2002,0.01
349,1,22,298,2003,0.01
349,1,22,298,2004,0.01
349,1,22,298,2005,0.01
349,1,22,298,2006,0.01
349,1,22,298,2007,0.01
349,1,22,298,2008,0.01
349,1,22,298,2009,0.01
349,1,22,298,2010,0.01
349,1,22,298,2011,0.01
349,1,22,298,2012,0.01
349,1,22,298,2013,0
349,1,22,298,2014,0
349,1,22,298,2015,0
349,1,22,298,2016,0
349,2,22,298,1990,0
349,2,22,298,1991,0
349,2,22,298,1992,0.01
349,2,22,298,1993,0.01
349,2,22,298,1994,0.01
349,2,22,298,1995,0.01
349,2,22,298,1996,0.01
349,2,22,298,1997,0.01
349,2,22,298,1998,0.01
349,2,22,298,1999,0.01
349,2,22,298,2000,0.01
349,2,22,298,2001,0
349,2,22,298,2002,0
349,2,22,298,2003,0
349,2,22,298,2004,0
349,2,22,298,2005,0
349,2,22,298,2006,0
349,2,22,298,2007,0
349,2,22,298,2008,0
349,2,22,298,2009,0
349,2,22,298,2010,0
349,2,22,298,2011,0
349,2,22,298,2012,0
349,2,22,298,2013,0
349,2,22,298,2014,0
349,2,22,298,2015,0
349,2,22,298,2016,0
349,3,22,298,1990,0.01
349,3,22,298,1991,0.01
349,3,22,298,1992,0.01
349,3,22,298,1993,0.01
349,3,22,298,1994,0.01
349,3,22,298,1995,0.01
349,3,22,298,1996,0.01
349,3,22,298,1997,0.01
349,3,22,298,1998,0.01
349,3,22,298,1999,0.01
349,3,22,298,2000,0.01
349,3,22,298,2001,0.01
349,3,22,298,2002,0.01
349,3,22,298,2003,0.01
349,3,22,298,2004,0.01
349,3,22,298,2005,0.01
349,3,22,298,2006,0.01
349,3,22,298,2007,0.01
349,3,22,298,2008,0.01
349,3,22,298,2009,0.01
349,3,22,298,2010,0
349,3,22,298,2011,0
349,3,22,298,2012,0
349,3,22,298,2013,0
349,3,22,298,2014,0
349,3,22,298,2015,0
349,3,22,298,2016,0
351,1,22,298,1990,0
351,1,22,298,1991,0
351,1,22,298,1992,0
351,1,22,298,1993,0
351,1,22,298,1994,0
351,1,22,298,1995,0
351,1,22,298,1996,0
351,1,22,298,1997,0
351,1,22,298,1998,0.01
351,1,22,298,1999,0.01
351,1,22,298,2000,0.01
351,1,22,298,2001,0.01
351,1,22,298,2002,0.01
351,1,22,298,2003,0.01
351,1,22,298,2004,0.01
351,1,22,298,2005,0.01
351,1,22,298,2006,0.01
351,1,22,298,2007,0.01
351,1,22,298,2008,0.01
351,1,22,298,2009,0.01
351,1,22,298,2010,0.01
351,1,22,298,2011,0.01
351,1,22,298,2012,0.01
351,1,22,298,2013,0.01
351,1,22,298,2014,0.01
351,1,22,298,2015,0.01
351,1,22,298,2016,0.01
351,2,22,298,1990,0
351,2,22,298,1991,0
351,2,22,298,1992,0
351,2,22,298,1993,0
351,2,22,298,1994,0
351,2,22,298,1995,0
351,2,22,298,1996,0
351,2,22,298,1997,0
351,2,22,298,1998,0
351,2,22,298,1999,0
351,2,22,298,2000,0
351,2,22,298,2001,0
351,2,22,298,2002,0
351,2,22,298,2003,0
351,2,22,298,2004,0
351,2,22,298,2005,0
351,2,22,298,2006,0
351,2,22,298,2007,0
351,2,22,298,2008,0
351,2,22,298,2009,0
351,2,22,298,2010,0
351,2,22,298,2011,0
351,2,22,298,2012,0
351,2,22,298,2013,0.01
351,2,22,298,2014,0.01
351,2,22,298,2015,0.01
351,2,22,298,2016,0.01
351,3,22,298,1990,0
351,3,22,298,1991,0
351,3,22,298,1992,0
351,3,22,298,1993,0
351,3,22,298,1994,0
351,3,22,298,1995,0
351,3,22,298,1996,0
351,3,22,298,1997,0
351,3,22,298,1998,0.01
351,3,22,298,1999,0.01
351,3,22,298,2000,0.01
351,3,22,298,2001,0.01
351,3,22,298,2002,0.01
351,3,22,298,2003,0.01
351,3,22,298,2004,0.01
351,3,22,298,2005,0.01
351,3,22,298,2006,0.01
351,3,22,298,2007,0.01
351,3,22,298,2008,0.01
351,3,22,298,2009,0.01
351,3,22,298,2010,0.01
351,3,22,298,2011,0.01
351,3,22,298,2012,0.01
351,3,22,298,2013,0.01
351,3,22,298,2014,0.01
351,3,22,298,2015,0.01
351,3,22,298,2016,0.01
376,1,22,298,1990,0
376,1,22,298,1991,0
376,1,22,298,1992,0
376,1,22,298,1993,0.01
376,1,22,298,1994,0.01
376,1,22,298,1995,0.01
376,1,22,298,1996,0.01
376,1,22,298,1997,0.01
376,1,22,298,1998,0.01
376,1,22,298,1999,0.01
376,1,22,298,2000,0.01
376,1,22,298,2001,0.01
376,1,22,298,2002,0.01
376,1,22,298,2003,0.02
376,1,22,298,2004,0.02
376,1,22,298,2005,0.02
376,1,22,298,2006,0.02
376,1,22,298,2007,0.02
376,1,22,298,2008,0.02
376,1,22,298,2009,0.02
376,1,22,298,2010,0.02
376,1,22,298,2011,0.02
376,1,22,298,2012,0.02
376,1,22,298,2013,0.02
376,1,22,298,2014,0.03
376,1,22,298,2015,0.03
376,1,22,298,2016,0.03
376,2,22,298,1990,0
376,2,22,298,1991,0
376,2,22,298,1992,0
376,2,22,298,1993,0
376,2,22,298,1994,0
376,2,22,298,1995,0
376,2,22,298,1996,0.01
376,2,22,298,1997,0.01
376,2,22,298,1998,0.01
376,2,22,298,1999,0.01
376,2,22,298,2000,0.01
376,2,22,298,2001,0.01
376,2,22,298,2002,0.01
376,2,22,298,2003,0.01
376,2,22,298,2004,0.01
376,2,22,298,2005,0.01
376,2,22,298,2006,0.01
376,2,22,298,2007,0.01
376,2,22,298,2008,0.01
376,2,22,298,2009,0.01
376,2,22,298,2010,0.01
376,2,22,298,2011,0.01
376,2,22,298,2012,0.01
376,2,22,298,2013,0.02
376,2,22,298,2014,0.02
376,2,22,298,2015,0.02
376,2,22,298,2016,0.02
376,3,22,298,1990,0
376,3,22,298,1991,0
376,3,22,298,1992,0
376,3,22,298,1993,0.01
376,3,22,298,1994,0.01
376,3,22,298,1995,0.01
376,3,22,298,1996,0.01
376,3,22,298,1997,0.01
376,3,22,298,1998,0.01
376,3,22,298,1999,0.01
376,3,22,298,2000,0.01
376,3,22,298,2001,0.01
376,3,22,298,2002,0.01
376,3,22,298,2003,0.01
376,3,22,298,2004,0.01
376,3,22,298,2005,0.01
376,3,22,298,2006,0.01
376,3,22,298,2007,0.01
376,3,22,298,2008,0.02
376,3,22,298,2009,0.02
376,3,22,298,2010,0.02
376,3,22,298,2011,0.02
376,3,22,298,2012,0.02
376,3,22,298,2013,0.02
376,3,22,298,2014,0.02
376,3,22,298,2015,0.02
376,3,22,298,2016,0.02
385,1,22,298,1990,0.09
385,1,22,298,1991,0.1
385,1,22,298,1992,0.11
385,1,22,298,1993,0.11
385,1,22,298,1994,0.13
385,1,22,298,1995,0.12
385,1,22,298,1996,0.11
385,1,22,298,1997,0.07
385,1,22,298,1998,0.06
385,1,22,298,1999,0.06
385,1,22,298,2000,0.06
385,1,22,298,2001,0.06
385,1,22,298,2002,0.05
385,1,22,298,2003,0.05
385,1,22,298,2004,0.05
385,1,22,298,2005,0.04
385,1,22,298,2006,0.04
385,1,22,298,2007,0.03
385,1,22,298,2008,0.04
385,1,22,298,2009,0.03
385,1,22,298,2010,0.03
385,1,22,298,2011,0.02
385,1,22,298,2012,0.02
385,1,22,298,2013,0.02
385,1,22,298,2014,0.02
385,1,22,298,2015,0.02
385,1,22,298,2016,0.02
385,2,22,298,1990,0.03
385,2,22,298,1991,0.04
385,2,22,298,1992,0.05
385,2,22,298,1993,0.05
385,2,22,298,1994,0.07
385,2,22,298,1995,0.07
385,2,22,298,1996,0.07
385,2,22,298,1997,0.05
385,2,22,298,1998,0.03
385,2,22,298,1999,0.04
385,2,22,298,2000,0.03
385,2,22,298,2001,0.04
385,2,22,298,2002,0.03
385,2,22,298,2003,0.02
385,2,22,298,2004,0.03
385,2,22,298,2005,0.03
385,2,22,298,2006,0.03
385,2,22,298,2007,0.02
385,2,22,298,2008,0.02
385,2,22,298,2009,0.02
385,2,22,298,2010,0.02
385,2,22,298,2011,0.02
385,2,22,298,2012,0.02
385,2,22,298,2013,0.02
385,2,22,298,2014,0.02
385,2,22,298,2015,0.02
385,2,22,298,2016,0.02
385,3,22,298,1990,0.07
385,3,22,298,1991,0.08
385,3,22,298,1992,0.09
385,3,22,298,1993,0.09
385,3,22,298,1994,0.11
385,3,22,298,1995,0.1
385,3,22,298,1996,0.1
385,3,22,298,1997,0.06
385,3,22,298,1998,0.05
385,3,22,298,1999,0.05
385,3,22,298,2000,0.05
385,3,22,298,2001,0.05
385,3,22,298,2002,0.04
385,3,22,298,2003,0.04
385,3,22,298,2004,0.04
385,3,22,298,2005,0.04
385,3,22,298,2006,0.04
385,3,22,298,2007,0.03
385,3,22,298,2008,0.03
385,3,22,298,2009,0.03
385,3,22,298,2010,0.03
385,3,22,298,2011,0.02
385,3,22,298,2012,0.02
385,3,22,298,2013,0.02
385,3,22,298,2014,0.02
385,3,22,298,2015,0.02
385,3,22,298,2016,0.02
435,1,22,298,1990,0.02
435,1,22,298,1991,0.02
435,1,22,298,1992,0.02
435,1,22,298,1993,0.03
435,1,22,298,1994,0.03
435,1,22,298,1995,0.04
435,1,22,298,1996,0.04
435,1,22,298,1997,0.05
435,1,22,298,1998,0.05
435,1,22,298,1999,0.06
435,1,22,298,2000,0.06
435,1,22,298,2001,0.06
435,1,22,298,2002,0.07
435,1,22,298,2003,0.07
435,1,22,298,2004,0.07
435,1,22,298,2005,0.08
435,1,22,298,2006,0.08
435,1,22,298,2007,0.08
435,1,22,298,2008,0.08
435,1,22,298,2009,0.08
435,1,22,298,2010,0.08
435,1,22,298,2011,0.07
435,1,22,298,2012,0.07
435,1,22,298,2013,0.07
435,1,22,298,2014,0.07
435,1,22,298,2015,0.07
435,1,22,298,2016,0.06
435,2,22,298,1990,0.01
435,2,22,298,1991,0.01
435,2,22,298,1992,0.01
435,2,22,298,1993,0.02
435,2,22,298,1994,0.02
435,2,22,298,1995,0.03
435,2,22,298,1996,0.03
435,2,22,298,1997,0.04
435,2,22,298,1998,0.04
435,2,22,298,1999,0.05
435,2,22,298,2000,0.06
435,2,22,298,2001,0.07
435,2,22,298,2002,0.07
435,2,22,298,2003,0.08
435,2,22,298,2004,0.08
435,2,22,298,2005,0.09
435,2,22,298,2006,0.09
435,2,22,298,2007,0.1
435,2,22,298,2008,0.1
435,2,22,298,2009,0.1
435,2,22,298,2010,0.1
435,2,22,298,2011,0.1
435,2,22,298,2012,0.1
435,2,22,298,2013,0.1
435,2,22,298,2014,0.09
435,2,22,298,2015,0.09
435,2,22,298,2016,0.08
435,3,22,298,1990,0.01
435,3,22,298,1991,0.01
435,3,22,298,1992,0.02
435,3,22,298,1993,0.02
435,3,22,298,1994,0.03
435,3,22,298,1995,0.03
435,3,22,298,1996,0.04
435,3,22,298,1997,0.04
435,3,22,298,1998,0.05
435,3,22,298,1999,0.06
435,3,22,298,2000,0.06
435,3,22,298,2001,0.06
435,3,22,298,2002,0.07
435,3,22,298,2003,0.07
435,3,22,298,2004,0.08
435,3,22,298,2005,0.08
435,3,22,298,2006,0.08
435,3,22,298,2007,0.09
435,3,22,298,2008,0.09
435,3,22,298,2009,0.09
435,3,22,298,2010,0.09
435,3,22,298,2011,0.08
435,3,22,298,2012,0.08
435,3,22,298,2013,0.08
435,3,22,298,2014,0.08
435,3,22,298,2015,0.08
435,3,22,298,2016,0.07
522,1,22,298,1990,0
522,1,22,298,1991,0
522,1,22,298,1992,0.01
522,1,22,298,1993,0.01
522,1,22,298,1994,0.01
522,1,22,298,1995,0.01
522,1,22,298,1996,0.01
522,1,22,298,1997,0.01
522,1,22,298,1998,0.01
522,1,22,298,1999,0.01
522,1,22,298,2000,0.01
522,1,22,298,2001,0.01
522,1,22,298,2002,0.01
522,1,22,298,2003,0.01
522,1,22,298,2004,0.01
522,1,22,298,2005,0.01
522,1,22,298,2006,0.01
522,1,22,298,2007,0.01
522,1,22,298,2008,0.01
522,1,22,298,2009,0.01
522,1,22,298,2010,0.01
522,1,22,298,2011,0.01
522,1,22,298,2012,0.01
522,1,22,298,2013,0.01
522,1,22,298,2014,0.01
522,1,22,298,2015,0.02
522,1,22,298,2016,0.01
522,2,22,298,1990,0
522,2,22,298,1991,0
522,2,22,298,1992,0
522,2,22,298,1993,0
522,2,22,298,1994,0
522,2,22,298,1995,0
522,2,22,298,1996,0.01
522,2,22,298,1997,0.01
522,2,22,298,1998,0.01
522,2,22,298,1999,0.01
522,2,22,298,2000,0.01
522,2,22,298,2001,0.01
522,2,22,298,2002,0.01
522,2,22,298,2003,0.01
522,2,22,298,2004,0.01
522,2,22,298,2005,0.01
522,2,22,298,2006,0.01
522,2,22,298,2007,0.01
522,2,22,298,2008,0.01
522,2,22,298,2009,0.01
522,2,22,298,2010,0.01
522,2,22,298,2011,0.01
522,2,22,298,2012,0.01
522,2,22,298,2013,0.02
522,2,22,298,2014,0.02
522,2,22,298,2015,0.02
522,2,22,298,2016,0.01
522,3,22,298,1990,0
522,3,22,298,1991,0
522,3,22,298,1992,0
522,3,22,298,1993,0
522,3,22,298,1994,0.01
522,3,22,298,1995,0.01
522,3,22,298,1996,0.01
522,3,22,298,1997,0.01
522,3,22,298,1998,0.01
522,3,22,298,1999,0.01
522,3,22,298,2000,0.01
522,3,22,298,2001,0.01
522,3,22,298,2002,0.01
522,3,22,298,2003,0.01
522,3,22,298,2004,0.01
522,3,22,298,2005,0.01
522,3,22,298,2006,0.01
522,3,22,298,2007,0.01
522,3,22,298,2008,0.01
522,3,22,298,2009,0.01
522,3,22,298,2010,0.01
522,3,22,298,2011,0.01
522,3,22,298,2012,0.01
522,3,22,298,2013,0.01
522,3,22,298,2014,0.02
522,3,22,298,2015,0.02
522,3,22,298,2016,0.01
